# seafloor_age,subduction_volume_km3y,decompacted_sediment_thickness,sed_thick_0.2d,ocean_crust_carb_percent
83.149292,0.105432,22.780319,447.569244,2.249223
83.149292,0.103909,22.780319,447.569244,2.249223
54.579239,0.023993,46.284706,501.766296,2.489603
83.149292,0.102386,21.198000,422.115845,2.249223
80.758469,0.099845,21.198000,422.115845,2.219732
80.758469,0.098335,26.702438,483.848267,2.219732
55.082230,0.024120,46.284706,501.766296,2.486410
80.758469,0.096823,26.702438,483.848267,2.219732
80.758469,0.095311,26.702438,483.848267,2.219732
80.758469,0.091863,26.702438,483.848267,2.219732
55.082230,0.027858,46.284706,501.766296,2.486410
75.931137,0.088627,23.443108,448.574188,2.339428
75.931137,0.087454,23.443108,448.574188,2.339428
75.931137,0.086280,23.443108,448.574188,2.339428
75.931137,0.085105,23.443108,448.574188,2.339428
75.931137,0.090952,23.443108,448.574188,2.339428
75.931137,0.089500,23.443108,448.574188,2.339428
70.120926,0.085289,19.443998,416.972382,2.446317
70.120926,0.083881,19.443998,416.972382,2.446317
70.120926,0.082472,19.443998,416.972382,2.446317
70.120926,0.081063,19.443998,416.972382,2.446317
70.120926,0.079652,19.443998,416.972382,2.446317
64.105812,0.075267,15.561590,389.084778,2.500185
64.105812,0.073908,15.561590,389.084778,2.500185
64.105812,0.072549,15.561590,389.084778,2.500185
64.105812,0.071188,15.561590,389.084778,2.500185
64.105812,0.069827,15.561590,389.084778,2.500185
60.133854,0.066500,9.742301,446.656830,2.465366
60.133854,0.065176,9.742301,446.656830,2.465366
60.133854,0.063852,9.742301,446.656830,2.465366
60.133854,0.062527,9.742301,446.656830,2.465366
60.133854,0.061201,9.742301,446.656830,2.465366
59.058727,0.059374,6.143240,244.205307,2.459947
59.058727,0.058124,6.143240,244.205307,2.459947
55.082230,0.027877,46.284706,501.766296,2.486410
59.058727,0.056949,6.143240,244.205307,2.459947
59.058727,0.055774,6.143240,244.205307,2.459947
59.058727,0.054598,6.143240,244.205307,2.459947
59.058727,0.053421,6.143240,244.205307,2.459947
59.058727,0.050245,14.602932,232.277115,2.459947
59.940224,0.049497,25.011841,219.131546,2.463934
59.940224,0.048401,25.011841,219.131546,2.463934
54.282352,0.027699,46.284706,501.766296,2.490668
59.940224,0.047304,25.011841,219.131546,2.463934
59.940224,0.046206,25.011841,219.131546,2.463934
59.940224,0.047214,27.657234,206.606277,2.463934
59.940224,0.046148,27.657234,206.606277,2.463934
59.940224,0.045083,27.657234,206.606277,2.463934
54.282352,0.027717,46.284706,501.766296,2.490668
59.940224,0.044016,27.657234,206.606277,2.463934
54.282352,0.027734,46.284706,501.766296,2.490668
54.620750,0.027835,46.284706,501.766296,2.489376
54.620750,0.027851,46.284706,501.766296,2.489376
54.620750,0.027868,46.284706,501.766296,2.489376
54.620750,0.027884,46.284706,501.766296,2.489376
54.885361,0.041592,46.284706,501.766296,2.487767
54.885361,0.041609,46.284706,501.766296,2.487767
54.885361,0.041626,46.284706,501.766296,2.487767
55.323559,0.041802,46.284706,501.766296,2.487877
53.417263,0.041118,46.284706,501.766296,2.492057
53.417263,0.041133,46.284706,501.766296,2.492057
53.726284,0.041263,46.284706,501.766296,2.491870
53.726284,0.041278,46.284706,501.766296,2.491870
53.726284,0.041292,46.284706,501.766296,2.491870
49.343189,0.039627,46.284706,501.766296,2.461864
49.343189,0.039640,46.284706,501.766296,2.461864
49.343189,0.039652,46.284706,501.766296,2.461864
46.271431,0.038426,46.284706,501.766296,2.340776
46.271431,0.038437,46.284706,501.766296,2.340776
46.271431,0.038448,46.284706,501.766296,2.340776
41.584076,0.036470,46.284706,501.766296,2.168893
41.584076,0.036479,46.284706,501.766296,2.168893
41.584076,0.036488,46.284706,501.766296,2.168893
40.007904,0.035800,46.284706,501.766296,2.149723
40.007904,0.035808,46.284706,501.766296,2.149723
40.007904,0.043011,46.284706,501.766296,2.149723
38.522476,0.042213,46.284706,501.766296,2.120093
38.522476,0.042220,46.284706,501.766296,2.120093
38.522476,0.042226,46.284706,501.766296,2.120093
38.522476,0.042231,46.284706,468.971954,2.120093
39.494862,0.042765,46.284706,468.971954,2.140861
39.494862,0.042769,46.284706,468.971954,2.140861
39.494862,0.042773,46.284706,468.971954,2.140861
38.237251,0.042091,46.284706,468.971954,2.112548
38.237251,0.042094,46.284706,468.971954,2.112548
38.237251,0.042097,46.284706,468.971954,2.112548
37.034164,0.041432,46.284706,468.971954,2.074715
37.034164,0.041434,46.284706,468.971954,2.074715
37.034164,0.041435,46.284706,468.971954,2.074715
35.920502,0.040808,46.284706,585.547363,2.035923
35.920502,0.043093,46.284706,585.547363,2.035923
35.920502,0.043093,46.284706,585.547363,2.035923
34.853649,0.042447,46.284706,585.547363,2.003510
34.853649,0.042446,46.284706,585.547363,2.003510
29.964655,0.039355,34.398830,585.547363,1.955695
28.226837,0.038195,34.398830,585.547363,1.953394
28.226837,0.038192,34.398830,585.547363,1.953394
28.226837,0.038189,34.398830,585.547363,1.953394
26.596653,0.037067,34.398830,585.547363,1.945541
26.596653,0.037063,34.398830,585.547363,1.945541
26.596653,0.037059,34.398830,585.547363,1.945541
25.078089,0.035981,34.398830,585.547363,1.935276
25.078089,0.035976,34.398830,585.547363,1.935276
25.078089,0.035970,34.398830,585.547363,1.935276
23.608488,0.034895,34.398830,585.547363,1.925307
23.608488,0.034889,34.398830,585.547363,1.925307
23.608488,0.034883,34.398830,585.547363,1.925307
26.286863,0.036909,34.398830,585.547363,1.943396
26.286863,0.036902,34.398830,585.547363,1.943396
26.286863,0.036894,34.398830,585.547363,1.943396
24.955992,0.035940,34.398830,585.547363,1.934454
24.955992,0.035932,34.398830,585.547363,1.934454
24.955992,0.035923,34.398830,585.547363,1.934454
23.703215,0.035001,34.398830,585.547363,1.926118
23.703215,0.034992,45.620014,585.547363,1.926118
23.703215,0.034982,45.620014,544.991211,1.926118
22.502617,0.034075,45.620014,544.991211,1.919070
22.502617,0.034065,45.620014,544.991211,1.919070
22.502617,0.034055,45.620014,544.991211,1.919070
25.259415,0.036069,41.029129,544.991211,1.936456
25.259415,0.036057,41.029129,544.991211,1.936456
25.259415,0.028252,41.029129,544.991211,1.936456
25.259415,0.028244,41.029129,544.991211,1.936456
24.179993,0.027627,41.029129,544.991211,1.929130
24.179993,0.037857,41.029129,544.991211,1.929130
24.179993,0.037842,41.029129,544.991211,1.929130
23.178921,0.037036,41.029129,544.991211,1.922511
23.178921,0.033457,41.029129,544.991211,1.922511
23.178921,0.033444,41.029129,544.991211,1.922511
26.939259,0.036041,41.029129,544.991211,1.947393
25.968639,0.028975,41.029129,544.991211,1.941549
25.968639,0.028965,41.029129,544.991211,1.941549
25.968639,0.028956,41.029129,544.991211,1.941549
25.968639,0.031936,41.029129,544.991211,1.941549
25.108753,0.031390,41.029129,544.991211,1.935523
25.108753,0.031378,41.029129,544.991211,1.935523
25.108753,0.031365,41.029129,544.991211,1.935523
25.108753,0.033523,41.029129,544.991211,1.935523
24.256336,0.032933,41.029129,544.991211,1.929875
25.030293,0.033437,41.029129,544.991211,1.934933
25.030293,0.029652,41.029129,458.133026,1.934933
25.030293,0.029638,41.029129,458.133026,1.934933
23.118080,0.028470,41.029129,458.133026,1.922520
23.118080,0.028457,41.029129,458.133026,1.922520
23.118080,0.033779,41.029129,458.133026,1.922520
23.118080,0.033759,41.029129,458.133026,1.922520
21.279770,0.032369,41.029129,458.133026,1.913282
21.524857,0.032535,41.029129,458.133026,1.914441
21.524857,0.032515,41.029129,458.133026,1.914441
21.524857,0.032494,41.029129,458.133026,1.914441
19.848232,0.031182,41.029129,458.133026,1.908391
19.848232,0.031162,41.029129,458.133026,1.908391
19.848232,0.031141,41.029129,458.133026,1.908391
19.211403,0.030616,41.029129,458.133026,1.906657
19.211403,0.030594,41.029129,458.133026,1.906657
19.362310,0.030693,41.029129,458.133026,1.907059
19.362310,0.030670,41.029129,458.133026,1.907059
18.759499,0.030167,41.029129,458.133026,1.905494
18.759499,0.030144,41.029129,458.133026,1.905494
18.759499,0.030122,41.029129,458.133026,1.905494
18.186584,0.030908,41.029129,458.133026,1.903905
18.186584,0.030883,41.029129,458.133026,1.903905
18.387142,0.031028,41.029129,458.133026,1.904491
17.840969,0.030538,41.029129,458.133026,1.902750
17.840969,0.030513,41.029129,458.133026,1.902750
17.840969,0.030487,41.029129,458.133026,1.902750
17.290754,0.029987,41.029129,458.133026,1.900664
17.290754,0.029961,41.029129,458.133026,1.900664
17.290754,0.029935,41.029129,458.133026,1.900664
16.752773,0.029439,41.029129,458.133026,1.897770
17.035292,0.029659,41.029129,458.133026,1.899355
16.522676,0.029182,41.029129,458.133026,1.896256
16.522676,0.029155,41.029129,458.133026,1.896256
16.522676,0.029127,41.029129,458.133026,1.896256
16.026054,0.028659,41.029129,458.133026,1.892253
16.026054,0.028631,41.029129,458.133026,1.892253
16.026054,0.028602,41.029129,458.133026,1.892253
15.536189,0.028133,41.029129,458.133026,1.887109
15.536189,0.028105,41.029129,458.133026,1.887109
15.047826,0.027631,41.029129,458.133026,1.880838
15.047826,0.027603,41.029129,458.133026,1.880838
15.047826,0.027573,41.029129,458.133026,1.880838
14.630765,0.027160,41.029129,458.133026,1.874229
14.630765,0.027130,41.029129,458.133026,1.874229
14.630765,0.001175,41.029129,458.133026,1.874229
14.630765,0.001158,41.029129,458.133026,1.874229
14.630765,0.001141,41.029129,458.133026,1.874229
14.630765,0.005632,41.029129,458.133026,1.874229
14.630765,0.005610,41.029129,458.133026,1.874229
14.630765,0.005588,41.029129,458.133026,1.874229
14.630765,0.005817,41.029129,458.133026,1.874229
14.630765,0.005799,41.029129,458.133026,1.874229
14.630765,0.005781,41.029129,458.133026,1.874229
13.413132,0.008932,41.029129,458.133026,1.848307
13.413132,0.008904,41.029129,458.133026,1.848307
13.502466,0.012182,41.029129,458.133026,1.850561
13.502466,0.012157,41.029129,458.133026,1.850561
13.502466,0.008880,41.029129,458.133026,1.850561
13.585446,0.008879,41.029129,458.133026,1.852581
13.585446,0.007359,41.029129,458.133026,1.852581
13.585446,0.007350,41.029129,458.133026,1.852581
13.585446,0.011499,41.029129,458.133026,1.852581
13.585446,0.011478,41.029129,458.133026,1.852581
13.585446,0.011457,41.029129,458.133026,1.852581
12.547276,0.007027,41.029129,458.133026,1.824237
12.547276,0.007008,41.029129,458.133026,1.824237
12.547276,0.006988,41.029129,458.133026,1.824237
12.707932,0.002764,41.029129,458.133026,1.828548
12.707932,0.002740,41.029129,458.133026,1.828548
12.707932,0.008399,41.029129,458.133026,1.828548
12.707932,0.008370,41.029129,458.133026,1.828548
11.071251,0.000000,41.029129,458.133026,1.773534
11.071251,0.000000,41.029129,458.133026,1.773534
11.071251,0.000000,41.029129,458.133026,1.773534
11.071251,0.007681,41.029129,458.133026,1.773534
11.142975,0.007678,41.029129,458.133026,1.778790
11.142975,0.003512,41.029129,458.133026,1.778790
6.967014,0.002761,41.029129,458.133026,1.596691
6.967014,0.002745,41.029129,458.133026,1.596691
6.967014,0.002729,41.029129,458.133026,1.596691
6.967014,0.002713,41.029129,458.133026,1.596691
5.675254,0.002434,41.029129,458.133026,1.528868
5.675254,0.001402,41.029129,458.133026,1.528868
5.675254,0.001387,41.029129,458.133026,1.528868
4.233019,0.001184,41.029129,458.133026,1.407517
4.233019,0.001171,41.029129,458.133026,1.407517
4.233019,0.001158,41.029129,458.133026,1.407517
4.233019,0.003445,41.029129,458.133026,1.407517
7.231485,0.004483,41.029129,458.133026,1.608404
7.231485,0.004464,41.029129,458.133026,1.608404
8.068718,0.004695,41.029129,458.133026,1.648137
8.068718,0.004674,41.029129,458.133026,1.648137
8.068718,0.004654,41.029129,458.133026,1.648137
8.068718,0.008526,41.029129,458.133026,1.648137
10.216860,0.009567,41.029129,458.133026,1.739602
10.216860,0.009539,41.029129,458.133026,1.739602
10.936337,0.009841,41.029129,458.133026,1.768375
10.936337,0.009813,41.029129,458.133026,1.768375
12.414752,0.007421,41.029129,458.133026,1.820342
12.414752,0.007405,41.029129,458.133026,1.820342
12.414752,0.007389,41.029129,458.133026,1.820342
12.414752,0.011223,41.029129,458.133026,1.820342
12.414752,0.011200,41.029129,458.133026,1.820342
12.414752,0.011177,41.029129,458.133026,1.820342
13.725345,0.011728,41.029129,458.133026,1.856125
13.725345,0.011703,41.029129,458.133026,1.856125
13.725345,0.011679,41.029129,458.133026,1.856125
13.725345,0.012648,41.029129,458.133026,1.856125
13.725345,0.012618,41.029129,458.133026,1.856125
13.725345,0.012588,41.029129,458.133026,1.856125
13.725345,0.012557,41.029129,458.133026,1.856125
15.117759,0.013146,41.029129,458.133026,1.881738
15.117759,0.008882,41.029129,458.133026,1.881738
16.120220,0.009145,41.029129,458.133026,1.893121
16.120220,0.040741,41.029129,458.133026,1.893121
16.120220,0.041172,11.381639,458.133026,1.893121
16.120220,0.041604,11.381639,458.133026,1.893121
16.120220,0.052947,11.381639,458.133026,1.893121
16.120220,0.053582,11.381639,458.133026,1.893121
17.609049,0.056664,11.381639,640.139404,1.901933
17.609049,0.057325,11.381639,640.139404,1.901933
17.609049,0.057986,11.381639,640.139404,1.901933
18.621828,0.060310,11.381639,640.139404,1.905110
18.621828,0.060988,11.381639,640.139404,1.905110
18.621828,0.061666,11.381639,640.139404,1.905110
18.621828,0.062146,11.381639,640.139404,1.905110
18.621828,0.062808,11.381639,640.139404,1.905110
20.609999,0.066771,11.381639,640.139404,1.910751
20.609999,0.067466,11.381639,640.139404,1.910751
25.676329,0.078684,14.896365,640.139404,1.939423
25.676329,0.079386,14.896365,640.139404,1.939423
25.676329,0.080088,14.896365,640.139404,1.939423
25.676329,0.071791,14.896365,640.139404,1.939423
25.676329,0.080788,14.896365,640.139404,1.939423
23.741201,0.078357,14.896365,640.139404,1.926267
23.741201,0.079029,14.896365,352.206238,1.926267
23.741201,0.079700,14.896365,352.206238,1.926267
23.741201,0.080371,14.896365,352.206238,1.926267
23.741201,0.081040,14.896365,352.206238,1.926267
21.852859,0.078392,14.896365,352.206238,1.915774
25.676329,0.070984,11.381639,640.139404,1.939423
27.620165,0.072783,11.381639,640.139404,1.951015
21.852859,0.095464,14.896365,352.206238,1.915774
20.609999,0.068161,11.381639,640.139404,1.910751
27.620165,0.071944,11.381639,640.139404,1.951015
27.620165,0.071104,11.381639,640.139404,1.951015
23.798574,0.100339,12.683949,352.206238,1.926631
27.620165,0.070263,11.381639,640.139404,1.951015
29.559727,0.071817,11.381639,640.139404,1.955762
29.559727,0.070946,11.381639,640.139404,1.955762
20.609999,0.068854,11.381639,640.139404,1.910751
23.798574,0.101054,12.683949,352.206238,1.926631
29.559727,0.070073,11.381639,640.139404,1.955762
29.559727,0.069200,11.381639,640.139404,1.955762
23.798574,0.101767,12.683949,352.206238,1.926631
29.559727,0.062211,11.381639,640.139404,1.955762
29.559727,0.061368,11.381639,640.139404,1.955762
20.609999,0.069547,11.381639,640.139404,1.910751
23.798574,0.102480,12.683949,352.206238,1.926631
28.277679,0.059197,11.381639,640.139404,1.953526
28.277679,0.058372,11.381639,640.139404,1.953526
21.957661,0.099120,12.683949,352.206238,1.916253
28.277679,0.057545,11.381639,640.139404,1.953526
20.609999,0.070239,11.381639,640.139404,1.910751
28.277679,0.056718,11.381639,640.139404,1.953526
21.957661,0.099802,12.683949,352.206238,1.916253
28.277679,0.055891,11.381639,640.139404,1.953526
21.957661,0.100483,12.683949,352.206238,1.916253
26.957027,0.053761,11.381639,640.139404,1.947558
24.292444,0.077006,11.381639,640.139404,1.929857
26.957027,0.052952,11.381639,640.139404,1.947558
21.957661,0.100608,12.683949,352.206238,1.916253
26.957027,0.052142,11.381639,640.139404,1.947558
29.386806,0.068036,11.381639,640.139404,1.955566
29.386806,0.067244,11.381639,640.139404,1.955566
28.024353,0.064892,11.381639,640.139404,1.952642
28.024353,0.064117,11.381639,640.139404,1.952642
28.024353,0.063342,11.381639,640.139404,1.952642
28.024353,0.062565,11.381639,640.139404,1.952642
28.024353,0.061788,11.381639,640.139404,1.952642
28.024353,0.061011,11.381639,640.139404,1.952642
24.292444,0.056079,11.381639,640.139404,1.929857
24.292444,0.055354,11.381639,640.139404,1.929857
24.292444,0.054628,11.381639,640.139404,1.929857
24.292444,0.053901,11.381639,640.139404,1.929857
24.292444,0.053174,11.381639,640.139404,1.929857
24.292444,0.052447,11.381639,640.139404,1.929857
23.950377,0.105778,12.683949,352.206238,1.927583
22.129173,0.102353,12.683949,352.206238,1.917085
22.129173,0.103028,12.683949,352.206238,1.917085
22.129173,0.103701,12.683949,352.206238,1.917085
22.129173,0.104374,12.683949,352.206238,1.917085
22.129173,0.105045,12.683949,352.206238,1.917085
22.129173,0.105715,12.683949,352.206238,1.917085
20.292295,0.101873,12.683949,352.206238,1.909702
20.292295,0.100629,12.683949,352.206238,1.909702
22.345364,0.106246,12.683949,352.206238,1.918189
22.345364,0.106894,12.683949,352.206238,1.918189
22.345364,0.107541,12.683949,352.206238,1.918189
22.345364,0.108186,12.683949,352.206238,1.918189
22.345364,0.108831,12.683949,352.206238,1.918189
20.538366,0.104954,12.683949,352.206238,1.910423
27.718008,0.122641,12.683949,298.951294,1.950789
27.718008,0.123355,12.683949,298.951294,1.950789
27.718008,0.124067,12.683949,298.951294,1.950789
27.718008,0.124778,12.683949,298.951294,1.950789
27.718008,0.122661,12.683949,298.951294,1.950789
27.718008,0.123346,12.683949,298.951294,1.950789
31.096378,0.131370,12.683949,298.951294,1.955932
31.096378,0.132092,12.683949,298.951294,1.955932
31.096378,0.132814,12.683949,298.951294,1.955932
31.096378,0.133533,12.683949,298.951294,1.955932
31.096378,0.134252,12.683949,298.951294,1.955932
31.096378,0.134969,12.683949,298.951294,1.955932
29.596323,0.136139,12.683949,298.951294,1.955796
31.615818,0.141450,12.683949,298.951294,1.956599
31.615818,0.142192,12.683949,298.951294,1.956599
31.615818,0.142932,12.683949,298.951294,1.956599
31.615818,0.143670,12.683949,298.951294,1.956599
31.615818,0.144407,15.983094,298.951294,1.956599
31.615818,0.103615,15.983094,298.951294,1.956599
27.832239,0.097785,15.983094,298.951294,1.952689
24.450344,0.092181,15.983094,298.951294,1.927741
24.450344,0.092710,15.983094,298.951294,1.927741
24.450344,0.093239,15.983094,298.951294,1.927741
24.450344,0.093766,15.983094,298.951294,1.927741
24.450344,0.113154,15.983094,298.951294,1.927741
24.450344,0.113708,15.983094,298.951294,1.927741
20.910583,0.105668,15.983094,296.667664,1.911507
20.910583,0.106178,15.983094,296.667664,1.911507
20.910583,0.106688,15.983094,296.667664,1.911507
20.910583,0.109182,15.983094,296.667664,1.911507
3.211238,0.042978,15.983094,296.667664,1.353227
3.211238,0.043169,15.983094,296.667664,1.353227
3.905392,0.047816,15.983094,296.667664,1.411811
3.905392,0.042867,15.983094,296.667664,1.411811
3.905392,0.043082,15.983094,296.667664,1.411811
3.905392,0.043297,15.983094,296.667664,1.411811
3.905392,0.043511,15.983094,296.667664,1.411811
4.777289,0.048360,15.983094,296.667664,1.474347
4.777289,0.048596,15.983094,296.667664,1.474347
4.777289,0.048832,15.983094,296.667664,1.474347
3.503504,0.041887,15.983094,296.667664,1.379218
3.503504,0.042076,15.983094,296.667664,1.379218
3.503504,0.042266,15.983094,296.667664,1.379218
3.376489,0.041678,15.983094,296.667664,1.370873
3.376489,0.041864,15.983094,296.667664,1.370873
3.376489,0.042049,15.983094,296.667664,1.370873
3.376489,0.049988,15.983094,296.667664,1.370873
3.376489,0.050207,15.983094,296.667664,1.370873
3.376489,0.050426,21.319839,296.667664,1.370873
3.775990,0.053556,21.319839,296.667664,1.402159
3.775990,0.053786,21.319839,376.213257,1.402159
3.775990,0.054015,21.319839,376.213257,1.402159
3.775990,0.054244,21.319839,376.213257,1.402159
3.775990,0.054472,21.319839,376.213257,1.402159
3.775990,0.054699,21.319839,376.213257,1.402159
3.775990,0.054926,21.319839,376.213257,1.402159
3.946958,0.010727,21.319839,376.213257,1.415690
3.946958,0.080018,21.319839,376.213257,1.415690
3.946958,0.080021,21.319839,376.213257,1.415690
3.946958,0.080024,21.319839,376.213257,1.415690
3.946958,0.080026,21.319839,376.213257,1.415690
3.946958,0.080027,21.319839,376.213257,1.415690
3.946958,0.083638,21.319839,376.213257,1.415690
4.023542,0.084445,21.319839,376.213257,1.420899
4.023542,0.084443,21.319839,376.213257,1.420899
4.023542,0.084440,21.319839,376.213257,1.420899
5.071610,0.094798,21.319839,376.213257,1.493308
5.071610,0.094793,21.319839,376.213257,1.493308
5.071610,0.094786,21.319839,376.213257,1.493308
5.050035,0.094576,21.319839,376.213257,1.491686
5.050035,0.085017,21.319839,376.213257,1.491686
5.050035,0.085010,21.319839,376.213257,1.491686
5.050035,0.085001,21.319839,376.213257,1.491686
5.050035,0.084991,21.319839,376.213257,1.491686
5.050035,0.084981,21.319839,376.213257,1.491686
13.305990,0.137924,21.319839,376.213257,1.856077
13.305990,0.149632,21.319839,376.213257,1.856077
15.074272,0.159237,21.319839,376.213257,1.880548
15.074272,0.159207,21.319839,376.213257,1.880548
15.074272,0.159175,21.319839,376.213257,1.880548
15.074272,0.159141,21.319839,376.213257,1.880548
14.708164,0.157160,21.319839,376.213257,1.875504
14.708164,0.138370,21.319839,376.213257,1.875504
14.708164,0.138341,21.319839,376.213257,1.875504
14.708164,0.138311,21.319839,376.213257,1.875504
14.708164,0.138279,21.319839,376.213257,1.875504
16.501196,0.146431,21.319839,376.213257,1.896100
16.150158,0.144829,21.319839,376.213257,1.893383
16.150158,0.147666,21.319839,376.213257,1.893383
16.150158,0.147624,21.319839,376.213257,1.893383
16.150158,0.147581,21.319839,376.213257,1.893383
16.150158,0.147537,21.319839,376.213257,1.893383
16.150158,0.147491,21.319839,376.213257,1.893383
16.150158,0.147444,29.965820,376.213257,1.893383
15.799381,0.145786,29.965820,376.213257,1.890045
17.620913,0.153908,29.965820,376.213257,1.901914
17.620913,0.153854,29.965820,376.213257,1.901914
17.620913,0.143538,29.965820,376.213257,1.901914
17.620913,0.143483,29.965820,376.213257,1.901914
17.620913,0.143427,29.965820,376.213257,1.901914
17.620913,0.143369,29.965820,376.213257,1.901914
17.721329,0.143718,29.965820,376.213257,1.902346
17.721329,0.143658,29.965820,376.213257,1.902346
19.693985,0.165392,29.965820,376.213257,1.907935
19.693985,0.165311,29.965820,376.213257,1.907935
19.693985,0.165229,29.965820,376.213257,1.907935
19.693985,0.165144,26.658390,376.213257,1.907935
19.693985,0.165057,26.658390,376.213257,1.907935
19.292315,0.163277,26.658390,376.213257,1.906863
19.292315,0.163188,26.658390,376.213257,1.906863
21.646740,0.172762,26.658390,376.213257,1.914837
21.646740,0.172664,26.658390,376.213257,1.914837
21.646740,0.172563,26.658390,376.213257,1.914837
21.646740,0.172460,26.658390,376.213257,1.914837
21.646740,0.172356,26.658390,376.213257,1.914837
21.162006,0.170310,26.658390,376.213257,1.912882
21.162006,0.170203,26.658390,376.213257,1.912882
21.162006,0.187141,26.658390,376.213257,1.912882
21.162006,0.187026,26.658390,376.213257,1.912882
21.162006,0.186910,26.658390,1417.083984,1.912882
10.067322,0.128835,26.658390,1417.083984,1.733838
10.067322,0.128751,26.658390,1417.083984,1.733838
10.067322,0.128666,26.658390,1417.083984,1.733838
10.067322,0.128580,26.658390,1417.083984,1.733838
10.067322,0.128492,26.658390,1417.083984,1.733838
10.067322,0.128402,26.658390,1417.083984,1.733838
10.067322,0.128311,26.658390,1417.083984,1.733838
10.955402,0.133754,26.758308,1417.083984,1.769289
10.955402,0.133656,26.758308,1417.083984,1.769289
10.955402,0.133556,26.758308,1417.083984,1.769289
10.955402,0.133455,26.758308,1417.083984,1.769289
10.955402,0.133352,26.758308,1417.083984,1.769289
10.063901,0.090218,26.758308,1417.083984,1.734138
10.063901,0.090123,26.758308,1417.083984,1.734138
10.063901,0.090027,26.758308,1417.083984,1.734138
11.104347,0.094465,23.891394,1417.083984,1.774924
11.104347,0.094362,23.891394,1417.083984,1.774924
11.104347,0.094258,5.080585,1417.083984,1.774924
11.104347,0.094153,5.080585,1417.083984,1.774924
11.104347,0.094047,5.080585,1417.083984,1.774924
11.104347,0.093940,5.080585,1417.083984,1.774924
12.484478,0.099492,5.080585,1417.083984,1.822241
12.484478,0.099376,5.080585,1417.083984,1.822241
12.210363,0.098164,5.080585,1417.083984,1.813835
12.210363,0.098047,5.080585,1417.083984,1.813835
12.210363,0.097929,5.080585,1417.083984,1.813835
12.210363,0.097811,5.080585,1417.083984,1.813835
14.535626,0.106588,5.080585,1417.083984,1.872507
14.535626,0.106456,5.080585,1417.083984,1.872507
14.535626,0.087896,5.080585,1417.083984,1.872507
14.535626,0.087754,5.080585,1417.083984,1.872507
14.535626,0.087610,5.080585,1417.083984,1.872507
16.850416,0.094173,5.080585,1417.083984,1.898299
16.850416,0.094017,5.080585,1417.083984,1.898299
16.536884,0.092982,5.080585,1417.083984,1.896324
16.536884,0.092825,5.080585,1417.083984,1.896324
16.536884,0.092666,5.080585,1417.083984,1.896324
18.817394,0.098679,5.080585,1417.083984,1.905615
18.817394,0.098508,5.080585,1417.083984,1.905615
18.817394,0.098336,5.080585,1417.083984,1.905615
18.817394,0.098162,5.080585,1417.083984,1.905615
18.817394,0.080516,5.080585,1417.083984,1.905615
18.817394,0.080416,5.080585,1417.083984,1.905615
18.817394,0.080315,5.080585,1417.083984,1.905615
18.817394,0.145003,5.080585,1417.083984,1.905615
20.922451,0.152005,5.080585,1417.083984,1.911872
20.922451,0.151109,5.080585,1417.083984,1.911872
20.922451,0.150212,5.080585,1417.083984,1.911872
20.922451,0.149313,5.080585,1417.083984,1.911872
20.922451,0.148412,5.080585,1417.083984,1.911872
20.922451,0.147510,5.080585,1417.083984,1.911872
20.922451,0.146606,5.080585,1417.083984,1.911872
20.522514,0.140364,5.080585,1417.083984,1.910454
20.522514,0.139499,5.080585,1417.083984,1.910454
20.522514,0.138632,5.080585,1417.083984,1.910454
20.522514,0.137764,5.080585,1417.083984,1.910454
28.899939,0.162450,5.080585,1417.083984,1.944561
28.899939,0.161416,5.080585,1417.083984,1.944561
28.899939,0.158545,5.080585,1417.083984,1.944561
28.899939,0.157532,5.080585,1417.083984,1.944561
28.899939,0.156517,7.107207,1176.623779,1.944561
28.899939,0.155500,7.107207,1176.623779,1.944561
28.899939,0.154482,7.107207,1176.623779,1.944561
39.843353,0.180172,7.107207,1176.623779,2.146852
39.843353,0.178973,7.107207,1176.623779,2.146852
39.843353,0.177772,7.107207,1176.623779,2.146852
39.843353,0.176569,7.107207,1176.623779,2.146852
39.843353,0.175364,7.107207,1176.623779,2.146852
39.843353,0.174157,7.107207,1176.623779,2.146852
39.843353,0.172948,7.107207,1176.623779,2.146852
39.843353,0.171738,7.107207,1176.623779,2.146852
42.039928,0.178074,7.107207,1176.623779,2.174278
42.039928,0.176729,7.107207,1176.623779,2.174278
42.039928,0.175382,7.107207,1176.623779,2.174278
42.039928,0.174033,7.107207,1176.623779,2.174278
42.039928,0.172682,7.107207,1176.623779,2.174278
42.039928,0.171329,7.107207,1176.623779,2.174278
42.039928,0.169974,7.107207,1176.623779,2.174278
44.318787,0.173103,7.107207,1176.623779,2.224610
44.318787,0.171708,7.107207,1176.623779,2.224610
44.318787,0.170312,7.107207,1176.623779,2.224610
44.318787,0.168913,7.107207,1176.623779,2.224610
44.318787,0.167512,7.107207,1176.623779,2.224610
44.318787,0.166110,7.107207,1176.623779,2.224610
44.318787,0.170282,7.107207,1176.623779,2.224610
44.560059,0.169439,7.107207,1176.623779,2.232984
44.560059,0.168135,7.107207,1176.623779,2.232984
44.560059,0.166829,7.107207,1176.623779,2.232984
44.560059,0.165522,7.107207,1176.623779,2.232984
46.735069,0.168136,7.107207,1176.623779,2.324531
46.735069,0.166794,7.107207,1176.623779,2.324531
46.735069,0.165449,7.107207,1176.623779,2.324531
46.735069,0.164104,7.107207,1176.623779,2.324531
46.735069,0.162756,7.107207,1176.623779,2.324531
46.735069,0.168552,7.107207,1176.623779,2.324531
16.909388,0.022225,82.549347,1973.610596,1.894692
46.735069,0.166996,7.107207,1176.623779,2.324531
46.735069,0.165438,7.107207,1176.623779,2.324531
46.814499,0.164015,7.107207,1176.623779,2.328192
46.814499,0.162451,7.107207,1176.623779,2.328192
16.909388,0.022526,43.658268,1973.610596,1.894692
46.814499,0.160885,7.107207,1176.623779,2.328192
46.814499,0.159318,7.107207,1176.623779,2.328192
55.035492,0.170712,7.107207,1176.623779,2.486476
55.035492,0.169011,7.107207,1176.623779,2.486476
16.909388,0.022827,43.658268,1973.610596,1.894692
55.035492,0.167308,7.107207,1176.623779,2.486476
55.035492,0.165604,7.107207,1176.623779,2.486476
55.035492,0.163897,7.107207,1176.623779,2.486476
55.035492,0.052836,7.107207,1176.623779,2.486476
64.155502,0.167185,7.107207,1176.623779,2.499871
16.909388,0.023128,43.658268,1973.610596,1.894692
64.155502,0.165410,7.107207,1176.623779,2.499871
64.155502,0.163632,7.107207,830.670776,2.499871
59.532013,0.156422,7.107207,830.670776,2.461812
59.532013,0.154701,7.107207,830.670776,2.461812
4.702584,0.012355,43.658268,1973.610596,1.469760
59.532013,0.152978,7.107207,830.670776,2.461812
59.532013,0.151253,18.502865,830.670776,2.461812
59.532013,0.149526,18.502865,830.670776,2.461812
4.702584,0.012608,43.658268,1973.610596,1.469760
59.532013,0.147798,18.502865,830.670776,2.461812
59.219849,0.145710,18.502865,211.635056,2.460869
59.219849,0.154679,18.502865,211.635056,2.460869
6.011204,0.014411,43.658268,1973.610596,1.547415
59.219849,0.153218,18.502865,211.635056,2.460869
59.219849,0.151755,18.502865,211.635056,2.460869
6.011204,0.014568,43.658268,1216.355225,1.547415
59.219849,0.150290,30.408047,211.635056,2.460869
59.219849,0.148825,30.408047,211.635056,2.460869
59.219849,0.147358,30.408047,211.635056,2.460869
6.011204,0.011659,43.658268,1216.355225,1.547415
65.865128,0.153095,30.408047,211.635056,2.493670
65.865128,0.151553,30.408047,189.767380,2.493670
7.223513,0.012945,43.658268,1216.355225,1.609937
65.865128,0.150669,30.408047,189.767380,2.493670
53.465343,0.135125,30.408047,189.767380,2.491557
53.465343,0.133485,30.408047,189.767380,2.491557
7.223513,0.013110,43.658268,1216.355225,1.609937
53.465343,0.131843,33.980572,189.767380,2.491557
57.677742,0.135005,33.980572,189.767380,2.463553
7.223513,0.013274,43.658268,1216.355225,1.609937
57.677742,0.133300,33.980572,189.767380,2.463553
57.677742,0.131593,33.980572,145.451828,2.463553
7.223513,0.013438,0.601771,1216.355225,1.609937
57.677742,0.129885,33.980572,145.451828,2.463553
57.677742,0.128175,33.980572,145.451828,2.463553
57.677742,0.126464,66.659790,145.451828,2.463553
7.223513,0.012345,0.601771,1216.355225,1.609937
62.755478,0.129719,66.659790,145.451828,2.493185
62.755478,0.127936,66.659790,145.451828,2.493185
7.223513,0.012504,0.601771,1233.069580,1.609937
47.227066,0.110113,66.659790,145.451828,2.344160
47.227066,0.108555,66.659790,145.451828,2.344160
7.223513,0.012662,0.601771,1233.069580,1.609937
47.227066,0.106996,66.659790,145.451828,2.344160
47.227066,0.080119,66.659790,145.451828,2.344160
48.109688,0.079207,66.659790,145.451828,2.382225
7.223513,0.012821,3.024849,862.503662,1.609937
48.109688,0.077559,66.659790,145.451828,2.382225
7.223513,0.018101,3.024849,862.503662,1.609937
48.109688,0.075910,66.659790,145.451828,2.382225
48.109688,0.074260,66.659790,145.451828,2.382225
7.223513,0.018266,3.024849,862.503662,1.609937
48.109688,0.072609,66.659790,145.451828,2.382225
8.947850,0.020512,6.879572,565.967163,1.686534
49.133728,0.071697,66.659790,145.451828,2.416426
49.133728,0.070027,66.659790,145.451828,2.416426
8.947850,0.020694,6.879572,565.967163,1.686534
49.133728,0.068357,66.659790,145.451828,2.416426
8.947850,0.024295,6.879572,565.967163,1.686534
49.133728,0.066686,66.659790,145.451828,2.416426
49.133728,0.065014,66.659790,145.451828,2.416426
8.947850,0.024535,6.879572,565.967163,1.686534
50.397652,0.064135,66.659790,145.451828,2.454998
9.907408,0.026070,10.889050,560.070496,1.727923
50.980522,0.062792,66.659790,138.594269,2.467687
50.980522,0.061087,44.406475,138.594269,2.467687
9.907408,0.026323,10.889050,560.070496,1.727923
50.980522,0.059382,44.406475,138.594269,2.467687
9.907408,0.026575,10.889050,560.070496,1.727923
50.980522,0.057676,44.406475,138.594269,2.467687
50.980522,0.015776,44.406475,138.594269,2.467687
9.907408,0.026827,10.889050,560.070496,1.727923
51.988834,0.014409,44.406475,138.594269,2.483019
9.907408,0.027078,9.814128,549.382446,1.727923
51.988834,0.012891,44.406475,83.741943,2.483019
51.988834,0.011373,44.406475,83.741943,2.483019
9.907408,0.027330,9.814128,549.382446,1.727923
51.988834,0.009854,44.406475,83.741943,2.483019
9.907408,0.026165,9.814128,549.382446,1.727923
51.988834,0.116659,44.406475,83.741943,2.483019
51.988834,0.114763,44.406475,83.741943,2.483019
51.988834,0.112866,44.406475,83.741943,2.483019
9.907408,0.026407,5.820926,568.747803,1.727923
52.934494,0.111943,44.406475,83.741943,2.490602
52.934494,0.110027,44.406475,83.741943,2.490602
13.866385,0.031528,5.820926,568.747803,1.855752
52.934494,0.108109,44.406475,83.741943,2.490602
52.934494,0.132826,44.406475,83.741943,2.490602
52.934494,0.131039,44.406475,83.741943,2.490602
13.866385,0.031814,5.820926,568.747803,1.855752
52.934494,0.129251,44.406475,83.741943,2.490602
52.934494,0.127462,15.719300,75.138184,2.490602
52.934494,0.125671,15.719300,75.138184,2.490602
13.866385,0.032100,3.338056,619.961609,1.855752
52.881157,0.123819,15.719300,75.138184,2.490337
52.881157,0.135616,15.719300,75.138184,2.490337
52.881157,0.133881,15.719300,75.138184,2.490337
52.881157,0.132145,15.719300,115.385208,2.490337
13.866385,0.032385,3.338056,619.961609,1.855752
60.287827,0.138781,15.719300,100.129623,2.469585
60.287827,0.136931,15.719300,100.129623,2.469585
60.287827,0.135079,15.719300,100.129623,2.469585
60.287827,0.133226,15.719300,100.129623,2.469585
60.287827,0.105399,15.719300,100.129623,2.469585
13.866385,0.032670,3.338056,619.961609,1.855752
60.287827,0.103450,15.719300,100.129623,2.469585
60.287827,0.101499,15.719300,100.129623,2.469585
60.287827,0.099548,15.719300,100.129623,2.469585
13.866385,0.035511,3.338056,619.961609,1.855752
64.418777,0.100578,15.719300,100.129623,2.500519
64.418777,0.098565,15.719300,100.129623,2.500519
13.866385,0.035843,1.945314,669.199768,1.855752
64.418777,0.096551,15.719300,100.129623,2.500519
64.418777,0.094535,15.719300,100.129623,2.500519
64.418777,0.092519,15.719300,100.129623,2.500519
13.866385,0.036175,1.945314,669.199768,1.855752
64.418777,0.090502,15.719300,100.129623,2.500519
64.418777,0.088483,15.719300,100.129623,2.500519
68.113464,0.088594,15.719300,100.129623,2.470532
12.545712,0.034725,1.945314,669.199768,1.823866
68.113464,0.086524,30.098316,100.129623,2.470532
85.805550,0.272982,40.481052,134.335098,2.356416
85.805550,0.273829,32.281044,136.120193,2.356416
85.805550,0.246864,32.281044,136.120193,2.356416
85.805550,0.274672,32.281044,136.120193,2.356416
85.805550,0.275512,32.281044,136.120193,2.356416
68.113464,0.084453,30.098316,100.129623,2.470532
82.256500,0.272467,32.281044,127.087700,2.228850
85.805550,0.246045,31.756462,147.259613,2.356416
82.256500,0.273289,32.281044,127.087700,2.228850
82.256500,0.274107,32.281044,127.087700,2.228850
82.256500,0.274923,32.281044,127.087700,2.228850
82.256500,0.275735,32.281044,127.087700,2.228850
85.805550,0.245224,31.756462,147.259613,2.356416
79.020401,0.272631,32.281044,127.087700,2.246287
79.020401,0.273426,32.281044,127.087700,2.246287
68.113464,0.043096,30.098316,100.129623,2.470532
12.545712,0.035040,2.208545,703.059570,1.823866
79.020401,0.274216,30.098316,127.087700,2.246287
85.805550,0.244400,31.756462,147.259613,2.356416
79.020401,0.275004,30.098316,127.087700,2.246287
79.020401,0.275788,30.098316,127.087700,2.246287
76.538208,0.273306,30.098316,127.087700,2.320651
76.538208,0.198081,30.098316,127.087700,2.320651
76.538208,0.198481,30.098316,127.087700,2.320651
85.805550,0.243573,31.756462,147.259613,2.356416
76.538208,0.179536,30.098316,127.087700,2.320651
76.538208,0.179859,30.098316,100.129623,2.320651
68.113464,0.041246,30.098316,100.129623,2.470532
76.538208,0.199950,30.098316,100.129623,2.320651
71.699501,0.195266,30.098316,100.129623,2.427553
85.805550,0.242743,31.756462,147.259613,2.356416
71.699501,0.258658,30.098316,100.129623,2.427553
71.699501,0.259331,30.098316,100.129623,2.427553
71.699501,0.145970,30.098316,100.129623,2.427553
71.699501,0.146184,30.098316,100.129623,2.427553
85.805550,0.241911,31.756462,147.259613,2.356416
71.699501,0.171480,30.098316,100.129623,2.427553
71.699501,0.171766,30.098316,100.129623,2.427553
68.113464,0.039395,30.098316,100.129623,2.470532
12.545712,0.035286,2.208545,255.721375,1.823866
71.699501,0.183632,30.098316,100.129623,2.427553
71.699501,0.183976,30.098316,100.129623,2.427553
86.926277,0.242083,27.039434,156.267944,2.406435
71.699501,0.184318,30.098316,100.129623,2.427553
86.926277,0.241241,27.039434,156.267944,2.406435
71.699501,0.244721,30.098316,100.129623,2.427553
68.113464,0.037544,30.098316,100.129623,2.470532
71.699501,0.245314,30.098316,100.129623,2.427553
86.926277,0.240397,27.039434,156.267944,2.406435
71.699501,0.201420,30.098316,100.129623,2.427553
86.926277,0.239550,27.039434,156.267944,2.406435
12.545712,0.035585,2.208545,255.721375,1.823866
71.699501,0.201850,30.098316,100.129623,2.427553
68.113464,0.035692,30.098316,100.129623,2.470532
71.699501,0.196049,30.098316,100.129623,2.427553
86.926277,0.238700,27.039434,156.267944,2.406435
68.113464,0.053906,30.098316,100.129623,2.470532
88.047226,0.238809,20.618229,165.912521,2.449466
68.113464,0.053656,30.098316,100.129623,2.470532
89.667053,0.239286,20.618229,165.912521,2.493728
68.113464,0.061115,30.098316,100.129623,2.470532
12.545712,0.035884,1.660190,256.513855,1.823866
89.667053,0.238420,19.115946,167.779755,2.493728
68.113464,0.060795,30.098316,100.129623,2.470532
89.667053,0.237552,19.115946,167.779755,2.493728
68.113464,0.054550,30.098316,100.129623,2.470532
89.667053,0.236680,19.115946,167.779755,2.493728
68.113464,0.054273,30.098316,100.129623,2.470532
89.667053,0.235806,19.115946,167.779755,2.493728
64.418777,0.045114,30.098316,100.129623,2.500519
14.352170,0.038700,1.660190,256.513855,1.869105
64.418777,0.044919,30.098316,100.129623,2.500519
89.667053,0.234929,16.828844,177.245544,2.493728
64.418777,0.044725,30.098316,100.129623,2.500519
89.667053,0.234050,16.828844,177.245544,2.493728
64.418777,0.037942,30.098316,73.933502,2.500519
89.667053,0.213839,16.828844,177.245544,2.493728
64.418777,0.037778,30.098316,73.933502,2.500519
14.352170,0.038172,1.660190,256.513855,1.869105
64.418777,0.037612,30.098316,73.933502,2.500519
90.299606,0.213380,16.828844,177.245544,2.505620
64.418777,0.054561,30.098316,73.933502,2.500519
90.299606,0.212467,16.828844,177.245544,2.505620
64.418777,0.054219,31.448902,73.933502,2.500519
14.352170,0.038480,1.660190,256.513855,1.869105
90.299606,0.211551,16.828844,177.245544,2.505620
80.376709,0.036783,31.448902,73.933502,2.232793
90.299606,0.210633,13.480091,186.391815,2.505620
80.376709,0.036625,31.448902,73.933502,2.232793
80.376709,0.040164,31.448902,73.933502,2.232793
90.299606,0.209712,12.630092,188.302353,2.505620
14.352170,0.038788,1.663718,261.266998,1.869105
80.376709,0.039968,31.448902,73.933502,2.232793
90.299606,0.208789,12.630092,188.302353,2.505620
80.376709,0.039772,31.448902,73.933502,2.232793
90.299606,0.207864,12.630092,188.302353,2.505620
80.376709,0.043731,31.448902,73.933502,2.232793
14.352170,0.039096,1.663718,193.901428,1.869105
133.760849,0.049094,31.448902,73.933502,2.280234
90.299606,0.206936,12.630092,188.302353,2.505620
133.760849,0.048823,31.448902,73.933502,2.280234
90.299606,0.206005,12.630092,188.302353,2.505620
133.760849,0.041671,31.448902,73.933502,2.280234
14.352170,0.039403,1.663718,193.901428,1.869105
91.123871,0.205626,11.460891,198.270081,2.517611
133.760849,0.041453,31.448902,73.933502,2.280234
91.123871,0.204689,11.460891,198.270081,2.517611
133.760849,0.041234,31.448902,73.933502,2.280234
91.844055,0.204218,11.460891,198.270081,2.525008
14.352170,0.041160,1.663718,193.901428,1.869105
133.760849,0.039400,31.448902,73.933502,2.280234
91.844055,0.203274,11.460891,198.270081,2.525008
133.760849,0.039135,31.448902,73.933502,2.280234
91.844055,0.202327,11.460891,198.270081,2.525008
131.588058,0.058916,31.448902,73.933502,2.297097
14.352170,0.041487,2.107403,188.448334,1.869105
91.844055,0.201377,11.387403,200.547577,2.525008
131.588058,0.058511,31.448902,73.933502,2.297097
131.588058,0.029873,31.448902,73.933502,2.297097
91.844055,0.200425,8.400414,212.696228,2.525008
15.555353,0.043530,2.107403,188.448334,1.887450
131.588058,0.029723,31.448902,73.933502,2.297097
138.451843,0.055852,72.171417,83.741943,2.370891
138.451843,0.056199,72.171417,83.741943,2.370891
138.451843,0.056546,72.171417,83.741943,2.370891
138.451843,0.056892,72.171417,83.741943,2.370891
134.228241,0.057005,44.717136,76.098122,2.280489
134.228241,0.057349,44.717136,75.138184,2.280489
134.228241,0.057692,44.717136,75.138184,2.280489
91.844055,0.199471,8.400414,212.696228,2.525008
134.228241,0.003878,44.717136,75.138184,2.280489
131.588058,0.052958,31.448902,73.933502,2.297097
141.033981,0.048275,72.171417,83.741943,2.530093
131.588058,0.052716,31.448902,73.933502,2.297097
134.228241,0.041375,44.717136,75.138184,2.280489
131.588058,0.053478,31.448902,75.138184,2.297097
134.228241,0.041586,44.717136,75.138184,2.280489
91.844055,0.198515,8.400414,212.696228,2.525008
141.033981,0.047868,72.171417,83.741943,2.530093
131.588058,0.053139,31.448902,75.138184,2.297097
134.228241,0.043597,44.717136,75.138184,2.280489
15.555353,0.043869,2.107403,188.448334,1.887450
92.537125,0.197985,8.400414,212.696228,2.530304
141.033981,0.047461,72.171417,83.741943,2.530093
131.588058,0.052800,31.448902,75.138184,2.297097
134.228241,0.051469,44.717136,75.138184,2.280489
92.537125,0.197022,8.400414,212.696228,2.530304
134.228241,0.051794,44.717136,75.138184,2.280489
131.588058,0.052460,31.448902,75.138184,2.297097
141.033981,0.047053,72.171417,83.741943,2.530093
131.588058,0.037645,44.717136,75.138184,2.297097
92.537125,0.196056,8.400414,212.696228,2.530304
131.588058,0.052120,31.448902,75.138184,2.297097
15.555353,0.044207,2.107403,263.628723,1.887450
131.588058,0.037795,44.717136,75.138184,2.297097
141.033981,0.046644,72.171417,83.741943,2.530093
131.588058,0.042598,31.448902,75.138184,2.297097
131.588058,0.003164,31.448902,75.138184,2.297097
131.588058,0.042778,31.448902,75.138184,2.297097
131.588058,0.025412,31.448902,75.138184,2.297097
131.588058,0.034812,31.448902,75.138184,2.297097
131.588058,0.034926,31.448902,75.138184,2.297097
131.588058,0.035039,31.448902,75.138184,2.297097
131.588058,0.035152,31.448902,75.138184,2.297097
92.537125,0.195089,5.039042,224.800644,2.530304
141.033981,0.046235,72.171417,83.741943,2.530093
92.537125,0.194119,5.039042,224.800644,2.530304
141.033981,0.045826,72.171417,78.602394,2.530093
15.555353,0.038038,3.055406,252.740479,1.887450
92.537125,0.193146,4.216494,227.909821,2.530304
146.031189,0.045601,72.171417,83.232689,2.618904
92.537125,0.192172,4.216494,227.909821,2.530304
146.031189,0.045189,72.171417,83.232689,2.618904
92.537125,0.151712,4.216494,227.909821,2.530304
146.031189,0.047625,72.171417,83.232689,2.618904
15.555353,0.038358,3.055406,252.740479,1.887450
93.165428,0.151071,4.216494,227.909821,2.535288
146.031189,0.047166,72.171417,83.232689,2.618904
146.031189,0.046707,72.171417,83.232689,2.618904
93.165428,0.150136,4.216494,227.909821,2.535288
146.031189,0.046247,72.171417,83.232689,2.618904
15.555353,0.038678,3.055406,252.740479,1.887450
93.165428,0.149199,6.907427,240.645782,2.535288
146.031189,0.045787,79.032936,87.891731,2.618904
93.165428,0.148260,6.907427,240.645782,2.535288
154.922729,0.045608,79.032936,87.891731,2.642100
93.165428,0.147320,13.253446,252.465546,2.535288
15.555353,0.038997,2.646746,248.405609,1.887450
154.922729,0.045144,74.292259,84.450134,2.642100
154.922729,0.044679,74.292259,84.450134,2.642100
93.165428,0.146378,13.253446,252.465546,2.535288
154.922729,0.044214,74.292259,84.450134,2.642100
93.165428,0.145434,13.253446,252.465546,2.535288
15.555353,0.031960,2.646746,248.405609,1.887450
154.922729,0.043748,74.292259,84.450134,2.642100
8.128128,0.010365,66.082504,2111.102783,1.650561
8.128128,0.006630,211.591705,2111.102783,1.650561
10.653645,0.012280,51.667419,2111.102783,1.757512
93.807785,0.144769,13.253446,252.465546,2.539791
10.653645,0.012694,51.667419,2111.102783,1.757512
8.128128,0.006272,211.591705,2111.102783,1.650561
154.922729,0.043282,74.292259,84.450134,2.642100
10.653645,0.013108,51.667419,2111.102783,1.757512
10.653645,0.013522,51.667419,2111.102783,1.757512
8.128128,0.005913,211.591705,2111.102783,1.650561
93.807785,0.143821,13.253446,252.465546,2.539791
154.922729,0.042815,74.292259,88.215973,2.642100
8.128128,0.005555,211.591705,2111.102783,1.650561
10.653645,0.016030,51.667419,2111.102783,1.757512
15.555353,0.032247,2.646746,248.405609,1.887450
8.128128,0.006207,211.591705,2111.102783,1.650561
93.807785,0.142870,16.218401,260.756592,2.539791
154.922729,0.042348,74.447121,88.215973,2.642100
5.727922,0.004898,211.591705,2111.102783,1.531768
0.183649,0.000639,211.591705,1164.103638,0.674380
0.183649,0.000682,211.591705,1164.103638,0.674380
0.183649,0.000412,211.591705,1164.103638,0.674380
5.727922,0.004585,211.591705,2111.102783,1.531768
13.099861,0.018270,51.667419,2111.102783,1.840161
0.183649,0.000726,211.591705,1164.103638,0.674380
154.922729,0.036827,74.447121,88.215973,2.642100
0.183649,0.000769,211.591705,1164.103638,0.674380
93.807785,0.141919,16.218401,260.756592,2.539791
0.183649,0.000759,211.591705,1164.103638,0.674380
2.549369,0.001259,211.591705,1164.103638,1.284670
0.183649,0.000797,211.591705,1164.103638,0.674380
5.727922,0.004271,211.591705,2111.102783,1.531768
0.183649,0.000835,211.591705,2111.102783,0.674380
5.727922,0.004666,211.591705,2111.102783,1.531768
2.549369,0.001047,98.827377,1164.103638,1.284670
154.922729,0.036357,74.447121,88.215973,2.642100
2.549369,0.000240,98.827377,1164.103638,1.284670
93.807785,0.140965,16.218401,260.756592,2.539791
13.099861,0.018765,51.667419,2111.102783,1.840161
15.555353,0.032534,1.947720,248.550598,1.887450
3.491538,0.028181,211.591705,1164.103638,1.379431
154.922729,0.035886,74.447121,84.819756,2.642100
93.807785,0.140010,16.218401,269.972992,2.539791
3.491538,0.028010,211.591705,1164.103638,1.379431
13.099861,0.019259,51.667419,2111.102783,1.840161
157.805069,0.035477,74.447121,84.819756,2.667877
3.491538,0.028281,211.591705,1164.103638,1.379431
93.807785,0.139054,16.218401,269.972992,2.539791
14.361057,0.031536,1.947720,248.550598,1.869295
5.058562,0.033803,211.591705,1164.103638,1.491714
157.805069,0.035004,66.840889,87.821220,2.667877
14.713445,0.014409,51.667419,2111.102783,1.875572
94.454147,0.138360,16.218401,269.972992,2.544336
5.058562,0.033565,211.591705,1164.103638,1.491714
157.805069,0.034531,66.840889,87.821220,2.667877
94.454147,0.137398,16.218401,269.972992,2.544336
14.713445,0.014735,51.667419,2111.102783,1.875572
5.058562,0.031073,211.591705,1164.103638,1.491714
14.361057,0.031811,1.947720,248.550598,1.869295
94.454147,0.136435,16.218401,269.972992,2.544336
5.058562,0.030832,211.591705,1164.103638,1.491714
14.713445,0.015060,51.667419,2111.102783,1.875572
94.454147,0.135471,25.817581,282.533905,2.544336
19.557985,0.022039,123.165718,2400.796875,1.907540
19.557985,0.029122,123.165718,2400.796875,1.907540
5.058562,0.030590,211.591705,1164.103638,1.491714
14.713445,0.015225,51.667419,2111.102783,1.875572
14.713445,0.015540,51.667419,2111.102783,1.875572
19.557985,0.021569,51.667419,2400.796875,1.907540
19.557985,0.029624,123.165718,2400.796875,1.907540
14.713445,0.015855,51.667419,2111.102783,1.875572
94.454147,0.134505,25.817581,282.533905,2.544336
17.095730,0.014410,51.667419,2400.796875,1.899683
19.557985,0.031092,123.165718,2400.796875,1.907540
14.713445,0.021141,51.667419,2111.102783,1.875572
14.361057,0.032086,1.415655,241.231354,1.869295
17.095730,0.014177,51.667419,2400.796875,1.899683
19.557985,0.031643,123.165718,2400.796875,1.907540
6.827942,0.035259,211.591705,1164.103638,1.589645
14.713445,0.021639,51.667419,2400.796875,1.875572
17.095730,0.014183,51.667419,2400.796875,1.899683
22.130428,0.021656,123.165718,2400.796875,1.917131
22.130428,0.021889,123.165718,2400.796875,1.917131
94.225655,0.133448,25.817581,297.813110,2.542733
14.713445,0.020336,51.667419,2400.796875,1.875572
17.095730,0.013904,51.667419,2400.796875,1.899683
22.130428,0.037973,123.165718,2400.796875,1.917131
14.713445,0.020780,51.667419,2400.796875,1.875572
17.095730,0.011988,51.667419,2400.796875,1.899683
6.827942,0.034977,211.591705,1164.103638,1.589645
14.713445,0.021223,51.667419,2400.796875,1.875572
22.130428,0.038647,123.165718,2400.796875,1.917131
17.095730,0.011805,51.667419,2400.796875,1.899683
17.095730,0.019496,51.667419,2400.796875,1.899683
17.095730,0.019873,51.667419,2400.796875,1.899683
22.130428,0.020810,123.165718,2400.796875,1.917131
22.130428,0.021015,123.165718,2400.796875,1.917131
94.225655,0.132479,25.817581,297.813110,2.542733
22.130428,0.026245,123.165718,2400.796875,1.917131
24.373634,0.027863,123.165718,2400.796875,1.930416
24.373634,0.025982,123.165718,2400.796875,1.930416
24.373634,0.026257,123.165718,2400.796875,1.930416
24.373634,0.037319,123.165718,2400.796875,1.930416
14.361057,0.032360,90.032555,648.061401,1.869295
24.373634,0.037859,123.165718,2400.796875,1.930416
6.827942,0.024378,211.591705,1164.103638,1.589645
24.373634,0.038398,123.165718,2400.796875,1.930416
26.322058,0.040463,123.165718,2400.796875,1.943727
94.225655,0.066155,25.817581,297.813110,2.542733
26.322058,0.041023,123.165718,2400.796875,1.943727
27.047058,0.042151,123.165718,2400.796875,1.947821
27.047058,0.039611,123.165718,2400.796875,1.947821
27.047058,0.040113,123.165718,2400.796875,1.947821
27.047058,0.044914,123.165718,2400.796875,1.947821
27.047058,0.045502,123.165718,2400.796875,1.947821
27.047058,0.046089,123.165718,2400.796875,1.947821
28.419479,0.031492,118.427177,2418.907227,1.953673
6.827942,0.024126,211.591705,1164.103638,1.589645
28.419479,0.031239,123.165718,2418.907227,1.953673
28.419479,0.038873,118.427177,2418.907227,1.953673
27.047058,0.039994,123.165718,2418.907227,1.947821
28.419479,0.047659,123.165718,2418.907227,1.953673
27.047058,0.045903,123.165718,2418.907227,1.947821
94.225655,0.065145,25.817581,297.813110,2.542733
27.047058,0.040429,123.165718,2418.907227,1.947821
27.047058,0.045311,123.165718,2418.907227,1.947821
28.419479,0.039209,118.427177,2418.907227,1.953673
28.419479,0.039545,118.427177,2418.907227,1.953673
28.419479,0.041955,118.427177,2418.907227,1.953673
14.361057,0.039492,90.032555,648.061401,1.869295
28.419479,0.042323,118.427177,2418.907227,1.953673
29.775417,0.043698,118.427177,2418.907227,1.955880
29.775417,0.053266,118.427177,2418.907227,1.955880
6.827942,0.023873,211.591705,1164.103638,1.589645
94.225655,0.064134,30.205954,297.813110,2.542733
29.775417,0.053810,118.427177,2418.907227,1.955880
29.775417,0.054354,118.427177,2418.907227,1.955880
29.775417,0.050184,118.427177,2418.907227,1.955880
29.775417,0.050677,118.427177,2418.907227,1.955880
31.138718,0.052328,118.427177,2418.907227,1.955978
31.138718,0.050820,118.427177,2418.907227,1.955978
31.138718,0.051256,118.427177,2418.907227,1.955978
94.225655,0.063122,30.205954,303.257843,2.542733
31.138718,0.051691,118.427177,2418.907227,1.955978
14.361057,0.039812,82.302757,602.876709,1.869295
6.827942,0.004683,211.591705,1164.103638,1.589645
31.138718,0.066454,118.427177,2418.907227,1.955978
31.138718,0.067147,118.427177,2292.808838,1.955978
33.883869,0.070765,118.427177,2292.808838,1.978973
95.013718,0.062253,30.205954,303.257843,2.548394
33.883869,0.071485,118.427177,2292.808838,1.978973
6.827942,0.004502,211.591705,1164.103638,1.589645
33.883869,0.072205,118.427177,2292.808838,1.978973
95.013718,0.131035,30.205954,325.521484,2.548394
33.883869,0.072924,118.427177,2292.808838,1.978973
14.361057,0.040133,82.302757,602.876709,1.869295
33.883869,0.073642,118.427177,2265.015381,1.978973
33.883869,0.074360,118.427177,2265.015381,1.978973
95.013718,0.130065,30.205954,325.521484,2.548394
38.820816,0.080326,118.427177,2265.015381,2.127163
8.636850,0.000000,211.591705,1164.103638,1.674291
38.820816,0.081091,118.427177,2265.015381,2.127163
95.013718,0.129093,30.205954,325.521484,2.548394
14.361057,0.033547,82.302757,602.876709,1.869295
38.820816,0.081855,118.427177,2265.015381,2.127163
95.013718,0.128119,30.418913,325.521484,2.548394
38.820816,0.082618,113.660599,2265.015381,2.127163
8.636850,0.003789,211.591705,1164.103638,1.674291
38.820816,0.083381,103.866531,2265.015381,2.127163
95.013718,0.127144,30.418913,325.521484,2.548394
38.820816,0.084142,103.866531,2265.015381,2.127163
14.361057,0.033807,82.302757,602.876709,1.869295
38.820816,0.084903,103.866531,2265.015381,2.127163
95.013718,0.126168,30.418913,324.083008,2.548394
38.820816,0.085663,103.866531,2265.015381,2.127163
8.636850,0.003493,211.591705,1164.103638,1.674291
38.820816,0.086421,103.866531,2265.015381,2.127163
95.804382,0.125473,30.418913,324.083008,2.554526
38.820816,0.087179,103.866531,2265.015381,2.127163
14.361057,0.034067,76.598228,556.651550,1.869295
38.820816,0.087936,103.866531,2265.015381,2.127163
95.804382,0.124492,30.418913,324.083008,2.554526
8.636850,0.004131,211.591705,1164.103638,1.674291
40.858349,0.090984,103.866531,2265.015381,2.160327
95.804382,0.123509,30.418913,324.083008,2.554526
40.858349,0.091759,103.866531,2265.015381,2.160327
40.858349,0.092532,103.866531,2265.015381,2.160327
8.636850,0.004013,211.591705,1164.103638,1.674291
14.361057,0.034326,76.598228,556.651550,1.869295
95.804382,0.122525,30.418913,324.083008,2.554526
40.858349,0.093305,106.800034,2265.015381,2.160327
40.858349,0.094076,106.800034,2265.015381,2.160327
8.636850,0.014858,211.591705,1164.103638,1.674291
40.858349,0.097707,106.800034,2265.015381,2.160327
95.804382,0.121540,30.418913,324.083008,2.554526
40.858349,0.098559,106.800034,2197.736572,2.160327
40.858349,0.099410,106.800034,2197.736572,2.160327
40.858349,0.100260,106.800034,2197.736572,2.160327
40.858349,0.101109,106.800034,2197.736572,2.160327
40.858349,0.101956,106.800034,2197.736572,2.160327
8.636850,0.014757,211.591705,1164.103638,1.674291
50.038872,0.113660,106.800034,2232.555664,2.424491
50.038872,0.114594,106.800034,2232.555664,2.424491
95.804382,0.120553,30.418913,324.083008,2.554526
50.038872,0.115527,106.800034,2232.555664,2.424491
12.475505,0.032255,76.598228,556.651550,1.821160
50.038872,0.116458,106.800034,2232.555664,2.424491
50.038872,0.117388,110.029373,2232.555664,2.424491
78.919830,0.144822,110.029373,2232.555664,2.264373
78.919830,0.145957,110.029373,2232.555664,2.264373
78.919830,0.147090,110.029373,2232.555664,2.264373
78.919830,0.148221,110.029373,2232.555664,2.264373
95.804382,0.158663,30.418913,323.570190,2.554526
8.636850,0.020862,211.591705,1164.103638,1.674291
78.919830,0.149351,110.029373,2232.555664,2.264373
110.218338,0.165458,110.029373,2232.555664,2.721642
110.218338,0.166696,110.029373,2232.555664,2.721642
110.218338,0.167933,110.029373,2232.555664,2.721642
110.218338,0.169167,110.029373,2232.555664,2.721642
110.218338,0.170399,110.029373,1944.293701,2.721642
95.804382,0.157585,30.418913,323.570190,2.554526
108.635071,0.171109,110.029373,1944.293701,2.706455
108.635071,0.165899,110.029373,1944.293701,2.706455
12.475505,0.032496,71.628891,499.510559,1.821160
108.635071,0.166997,110.029373,1944.293701,2.706455
8.636850,0.016313,211.591705,1164.103638,1.674291
96.817764,0.156946,30.418913,323.570190,2.563111
108.635071,0.168093,110.029373,1944.293701,2.706455
108.635071,0.169187,110.029373,1944.293701,2.706455
96.817764,0.155862,30.418913,475.973877,2.563111
104.561905,0.168848,110.029373,1195.107178,2.653112
10.887692,0.018123,211.591705,1164.103638,1.766949
104.561905,0.169929,110.029373,1195.107178,2.653112
104.561905,0.171009,110.029373,1195.107178,2.653112
96.817764,0.154775,30.418913,475.973877,2.563111
12.475505,0.032737,71.628891,499.510559,1.821160
104.561905,0.172087,110.029373,1195.107178,2.653112
104.561905,0.173163,110.029373,1195.107178,2.653112
96.817764,0.168942,34.260517,475.973877,2.563111
10.887692,0.020063,211.591705,1164.103638,1.766949
104.561905,0.174237,95.826408,1195.107178,2.653112
96.817764,0.168050,34.260517,475.973877,2.563111
104.561905,0.175309,95.826408,902.541382,2.653112
104.561905,0.180950,95.826408,902.541382,2.653112
96.817764,0.167155,34.260517,475.973877,2.563111
104.561905,0.182107,95.826408,902.541382,2.653112
104.561905,0.183262,95.826408,902.541382,2.653112
104.561905,0.184415,113.961159,902.541382,2.653112
102.874138,0.184863,113.961159,801.589905,2.630573
97.804543,0.166702,34.260517,475.973877,2.572299
10.887692,0.015415,211.591705,1164.103638,1.766949
12.475505,0.032978,71.628891,499.510559,1.821160
102.874138,0.186007,113.961159,801.589905,2.630573
102.874138,0.187149,113.961159,801.589905,2.630573
102.874138,0.188289,113.961159,801.589905,2.630573
97.804543,0.165802,34.260517,475.973877,2.572299
102.874138,0.189426,113.961159,801.589905,2.630573
101.519135,0.189957,113.961159,746.143616,2.613416
101.519135,0.191087,113.961159,746.143616,2.613416
97.804543,0.182112,57.636051,475.973877,2.572299
97.804543,0.181295,57.636051,475.973877,2.572299
101.519135,0.192214,113.961159,746.143616,2.613416
97.804543,0.180477,57.636051,475.973877,2.572299
97.804543,0.179657,57.636051,475.973877,2.572299
101.519135,0.193339,113.961159,746.143616,2.613416
98.766541,0.174401,57.636051,501.945435,2.582002
101.519135,0.194462,113.961159,746.143616,2.613416
100.622482,0.195158,113.961159,843.436279,2.602633
100.622482,0.196274,113.961159,843.436279,2.602633
98.766541,0.173513,57.636051,621.691040,2.582002
100.622482,0.197388,113.961159,843.436279,2.602633
11.253020,0.014714,211.591705,1164.103638,1.780532
100.622482,0.198499,113.961159,843.436279,2.602633
98.766541,0.172625,57.636051,621.691040,2.582002
100.622482,0.199608,113.961159,843.436279,2.602633
99.705421,0.181006,113.961159,843.436279,2.592139
99.705421,0.181912,113.961159,621.691040,2.592139
98.766541,0.171734,57.636051,621.691040,2.582002
99.705421,0.182815,113.961159,621.691040,2.592139
12.475505,0.041157,66.957611,1164.103638,1.821160
99.705421,0.183717,113.961159,621.691040,2.592139
99.705421,0.184617,113.961159,621.691040,2.592139
98.766541,0.170842,57.636051,621.691040,2.582002
99.705421,0.185516,113.961159,621.691040,2.592139
98.766541,0.185966,57.636051,621.691040,2.582002
11.253020,0.002065,211.591705,1164.103638,1.780532
11.253020,0.008005,211.591705,1164.103638,1.780532
11.253020,0.007444,211.591705,1164.103638,1.780532
12.475505,0.041435,211.591705,1164.103638,1.821160
11.253020,0.007200,211.591705,1164.103638,1.780532
12.475505,0.041713,211.591705,1164.103638,1.821160
11.253020,0.006955,211.591705,1164.103638,1.780532
12.475505,0.041990,211.591705,1164.103638,1.821160
11.614783,0.006817,211.591705,1085.266968,1.792958
12.475505,0.037635,211.591705,1085.266968,1.821160
11.614783,0.002232,211.591705,1085.266968,1.792958
11.614783,0.036571,211.591705,1085.266968,1.792958
11.614783,0.002020,211.591705,1085.266968,1.792958
11.614783,0.023374,211.591705,1085.266968,1.792958
11.614783,0.001808,211.591705,1085.266968,1.792958
11.614783,0.034912,211.591705,1085.266968,1.792958
11.614783,0.000000,212.171173,1047.973267,1.792958
11.614783,0.035180,212.171173,1047.973267,1.792958
11.614783,0.000000,212.171173,1047.973267,1.792958
11.614783,0.001053,212.171173,1047.973267,1.792958
11.614783,0.035447,212.171173,1047.973267,1.792958
11.614783,0.000950,212.171173,1047.973267,1.792958
11.614783,0.000000,212.171173,1047.973267,1.792958
11.614783,0.035714,212.171173,1047.973267,1.792958
11.614783,0.000000,211.133850,1040.060791,1.792958
11.614783,0.035980,211.133850,1040.060791,1.792958
11.614783,0.000000,211.133850,1040.060791,1.792958
11.614783,0.036246,211.133850,1040.060791,1.792958
11.614783,0.000000,211.133850,1040.060791,1.792958
11.614783,0.036512,211.133850,1040.060791,1.792958
11.614783,0.002828,211.133850,1040.060791,1.792958
11.614783,0.036777,210.734695,1042.048950,1.792958
11.614783,0.000000,210.734695,1042.048950,1.792958
11.614783,0.004969,210.734695,1042.048950,1.792958
11.614783,0.003749,210.734695,1042.048950,1.792958
11.614783,0.030300,210.734695,1042.048950,1.792958
81.472023,0.024797,99.204704,79.863327,2.236454
81.472023,0.024762,99.204704,79.863327,2.236454
45.298866,0.006858,210.734695,1042.048950,2.267568
45.298866,0.060169,210.734695,1042.048950,2.267568
81.472023,0.024726,99.204704,79.863327,2.236454
81.472023,0.024690,99.204704,79.863327,2.236454
45.298866,0.006316,210.734695,1042.048950,2.267568
45.298866,0.060524,210.995316,1036.993164,2.267568
67.557465,0.022909,100.550743,76.486420,2.476550
77.152794,0.024136,83.159355,73.074684,2.300433
77.152794,0.024100,83.159355,73.074684,2.300433
77.152794,0.024064,83.159355,73.074684,2.300433
77.152794,0.026980,83.159355,73.074684,2.300433
77.152794,0.026953,83.159355,73.074684,2.300433
77.152794,0.031924,83.159355,73.074684,2.300433
77.152794,0.031938,83.159355,73.074684,2.300433
84.789185,0.033036,73.749359,70.906441,2.313027
84.789185,0.033050,73.749359,70.906441,2.313027
73.191612,0.031334,65.811226,66.283562,2.403652
73.191612,0.031346,65.811226,66.283562,2.403652
73.191612,0.031359,65.811226,66.283562,2.403652
73.191612,0.031371,65.811226,66.283562,2.403652
79.470573,0.032382,43.656586,66.400116,2.238972
79.470573,0.029060,43.656586,66.400116,2.238972
79.470573,0.029072,43.656586,66.400116,2.238972
91.631470,0.037368,8.740294,65.597229,2.522245
79.470573,0.029084,43.656586,66.400116,2.238972
91.631470,0.037369,8.740294,65.597229,2.522245
91.631470,0.037369,8.740294,65.597229,2.522245
79.470573,0.029096,43.656586,66.400116,2.238972
91.631470,0.037369,10.207582,65.820847,2.522245
91.631470,0.037368,10.207582,65.820847,2.522245
79.470573,0.029108,43.656586,66.400116,2.238972
91.631470,0.037368,10.207582,65.820847,2.522245
83.556099,0.036297,10.988657,70.124016,2.263279
83.556099,0.036295,10.988657,70.124016,2.263279
69.671822,0.027657,19.972176,62.770145,2.451895
83.556099,0.036293,10.988657,70.124016,2.263279
75.185768,0.034957,11.321085,65.805038,2.359788
83.556099,0.036291,12.431094,70.609085,2.263279
75.185768,0.034967,11.321085,65.805038,2.359788
83.556099,0.036841,12.431094,70.609085,2.263279
75.185768,0.034977,11.321085,65.805038,2.359788
83.556099,0.036838,12.431094,70.609085,2.263279
83.556099,0.036835,12.431094,70.609085,2.263279
75.185768,0.034986,11.321085,65.805038,2.359788
83.556099,0.036831,12.431094,70.609085,2.263279
75.185768,0.034995,11.321085,65.805038,2.359788
83.556099,0.036826,12.483964,69.915009,2.263279
79.791878,0.035790,11.399096,68.276230,2.231987
83.556099,0.036822,12.483964,69.915009,2.263279
79.791878,0.035798,11.399096,68.276230,2.231987
83.556099,0.036817,12.483964,69.915009,2.263279
79.791878,0.035806,11.399096,68.276230,2.231987
83.556099,0.036811,12.483964,69.915009,2.263279
79.791878,0.035814,11.399096,68.276230,2.231987
83.556099,0.036805,12.483964,69.915009,2.263279
79.791878,0.035821,11.399096,68.276230,2.231987
79.791878,0.036212,11.399096,68.276230,2.231987
46.202053,0.015539,67.097290,221.292511,2.302376
46.202053,0.015866,67.097290,221.292511,2.302376
46.202053,0.016192,67.097290,221.292511,2.302376
33.591923,0.014692,65.258301,227.087006,1.976303
33.591923,0.014994,65.258301,227.087006,1.976303
33.591923,0.019945,65.258301,227.087006,1.976303
33.591923,0.020449,65.258301,227.087006,1.976303
27.082949,0.018814,63.777016,229.702881,1.940877
27.082949,0.019267,63.777016,229.702881,1.940877
27.082949,0.019719,63.777016,229.702881,1.940877
25.269342,0.019484,63.777016,227.995911,1.932101
52.236397,0.028596,63.777016,471.391418,2.481975
52.236397,0.029222,63.777016,471.391418,2.481975
51.008434,0.029504,63.777016,456.319702,2.466027
51.008434,0.030123,63.777016,456.319702,2.466027
51.008434,0.030741,63.777016,456.319702,2.466027
49.409241,0.025934,68.867226,455.690338,2.430766
49.409241,0.026416,68.867226,455.690338,2.430766
49.409241,0.026898,68.867226,455.690338,2.430766
47.858768,0.026954,68.867226,450.694214,2.355222
47.858768,0.027429,68.867226,450.694214,2.355222
47.858768,0.027903,68.867226,450.694214,2.355222
47.858768,0.033219,68.867226,450.694214,2.355222
58.690083,0.037300,68.867226,448.966064,2.462848
58.690083,0.037939,68.867226,448.966064,2.462848
58.690083,0.038578,68.867226,448.966064,2.462848
56.578987,0.038545,68.867226,430.961304,2.473637
56.578987,0.039172,68.867226,430.961304,2.473637
56.578987,0.039799,68.867226,430.961304,2.473637
56.578987,0.040425,68.867226,430.961304,2.473637
54.287704,0.040247,68.867226,430.961304,2.489148
54.287704,0.040860,68.867226,430.961304,2.489148
58.453796,0.001531,18.151192,138.905716,2.471415
58.453796,0.001705,18.151192,138.905716,2.471415
58.453796,0.001878,18.151192,138.905716,2.471415
61.455921,0.002100,19.714699,139.586670,2.465096
61.455921,0.002211,19.714699,139.586670,2.465096
61.455921,0.002378,19.714699,139.586670,2.465096
61.455921,0.002546,19.714699,139.586670,2.465096
65.385155,0.002790,21.042395,140.208832,2.480363
65.385155,0.002963,21.042395,140.208832,2.480363
65.385155,0.003135,24.395010,141.868515,2.480363
65.385155,0.003307,24.395010,141.868515,2.480363
65.385155,0.003732,25.348087,142.387970,2.480363
65.385155,0.003925,25.348087,142.387970,2.480363
65.385155,0.004118,25.348087,142.387970,2.480363
65.385155,0.004310,25.348087,142.387970,2.480363
65.385155,0.004503,26.020155,142.863953,2.480363
65.385155,0.004696,26.020155,142.863953,2.480363
65.385155,0.004888,26.020155,142.863953,2.480363
65.385155,0.005081,26.020155,142.863953,2.480363
65.385155,0.005273,26.609825,143.301941,2.480363
65.385155,0.005466,26.609825,143.301941,2.480363
65.385155,0.003353,26.609825,143.301941,2.480363
65.385155,0.003478,26.609825,143.301941,2.480363
65.385155,0.003603,27.914347,143.714630,2.480363
65.385155,0.003728,27.914347,143.714630,2.480363
65.385155,0.003499,27.220436,145.273209,2.480363
65.385155,0.003602,27.220436,145.273209,2.480363
65.385155,0.004456,27.220436,145.273209,2.480363
65.385155,0.004604,27.220436,145.273209,2.480363
65.385155,0.005730,28.498953,145.758545,2.480363
65.385155,0.005862,28.498953,145.758545,2.480363
65.385155,0.005994,28.498953,145.758545,2.480363
65.385155,0.006126,28.498953,145.758545,2.480363
65.385155,0.006258,28.498953,145.758545,2.480363
65.385155,0.006389,27.403702,146.239777,2.480363
65.385155,0.006521,27.403702,146.239777,2.480363
65.385155,0.006653,27.403702,146.239777,2.480363
65.385155,0.006785,27.403702,146.239777,2.480363
158.191010,0.008646,29.442995,144.885223,2.679112
158.191010,0.010543,29.442995,144.885223,2.679112
161.350113,0.010736,29.442995,144.885223,2.686160
161.350113,0.010910,29.442995,144.885223,2.686160
161.350113,0.011085,29.442995,144.885223,2.686160
161.350113,0.011259,29.285170,145.355103,2.686160
161.350113,0.011433,29.285170,145.355103,2.686160
161.350113,0.011607,25.425453,147.049896,2.686160
161.350113,0.011781,25.425453,147.049896,2.686160
161.350113,0.012322,23.874437,147.430283,2.686160
155.532196,0.012460,23.874437,147.430283,2.648171
155.532196,0.012640,23.874437,147.430283,2.648171
160.282776,0.006978,18.643700,151.905350,2.677119
155.532196,0.012820,23.874437,147.430283,2.648171
160.282776,0.007013,18.643700,151.905350,2.677119
155.532196,0.013000,23.874437,147.430283,2.648171
160.282776,0.007048,18.643700,151.905350,2.677119
155.532196,0.013179,24.668516,146.746262,2.648171
144.118103,0.007006,19.310974,152.033127,2.641152
144.118103,0.007041,19.310974,152.033127,2.641152
155.532196,0.011984,24.668516,146.746262,2.648171
144.118103,0.007076,19.310974,152.033127,2.641152
155.532196,0.012113,24.668516,146.746262,2.648171
144.118103,0.007110,19.310974,152.033127,2.641152
155.532196,0.012242,24.668516,146.746262,2.648171
144.118103,0.007144,19.310974,152.033127,2.641152
155.532196,0.012371,24.668516,146.746262,2.648171
131.826096,0.007159,19.969381,152.043457,2.287493
155.532196,0.012500,26.160194,146.229340,2.648171
161.350113,0.007360,15.890343,150.972244,2.686160
155.532196,0.012628,26.160194,146.229340,2.648171
161.350113,0.007394,15.890343,150.972244,2.686160
155.532196,0.016715,26.160194,146.229340,2.648171
161.350113,0.007429,15.890343,150.972244,2.686160
155.532196,0.016925,26.160194,146.229340,2.648171
161.350113,0.007464,15.890343,150.972244,2.686160
146.658752,0.007427,13.642841,149.988434,2.600897
155.532196,0.017134,26.164358,144.775665,2.648171
146.658752,0.007461,13.642841,149.988434,2.600897
155.532196,0.017343,26.164358,144.775665,2.648171
146.658752,0.007496,13.642841,149.988434,2.600897
155.532196,0.013850,26.164358,144.775665,2.648171
146.658752,0.007530,13.642841,149.988434,2.600897
155.532196,0.013982,26.164358,144.775665,2.648171
146.658752,0.007563,15.233862,148.977829,2.600897
155.532196,0.014114,26.164358,144.775665,2.648171
155.532196,0.007521,14.938740,149.235550,2.648171
155.532196,0.014245,25.816690,145.241562,2.648171
155.532196,0.007558,14.938740,149.235550,2.648171
155.532196,0.013206,25.816690,145.241562,2.648171
155.532196,0.013317,25.816690,145.241562,2.648171
155.532196,0.007595,14.938740,149.235550,2.648171
155.532196,0.013427,26.231892,143.719452,2.648171
155.532196,0.007633,14.938740,149.235550,2.648171
155.532196,0.013538,26.231892,143.719452,2.648171
155.532196,0.012884,26.231892,143.719452,2.648171
155.532196,0.007669,14.938740,149.235550,2.648171
139.465714,0.012910,26.344584,144.169235,2.428887
139.465714,0.007614,14.255143,149.672394,2.428887
139.465714,0.013090,26.344584,144.169235,2.428887
139.465714,0.013270,26.344584,144.169235,2.428887
139.465714,0.007650,14.255143,149.672394,2.428887
139.465714,0.013450,26.344584,144.169235,2.428887
139.465714,0.013630,26.344584,144.169235,2.428887
139.465714,0.007687,14.255143,149.672394,2.428887
139.465714,0.000000,25.548647,142.825165,2.428887
139.465714,0.000000,25.548647,142.825165,2.428887
139.465714,0.007723,14.255143,149.672394,2.428887
125.174637,0.000000,25.859951,143.161026,2.617392
125.174637,0.007641,13.839959,150.074219,2.617392
125.174637,0.000000,25.859951,143.161026,2.617392
125.174637,0.000000,25.859951,143.161026,2.617392
125.174637,0.007677,13.839959,150.074219,2.617392
125.174637,0.000000,25.859951,143.161026,2.617392
125.174637,0.015924,25.859951,143.161026,2.617392
125.174637,0.007712,13.839959,150.074219,2.617392
125.174637,0.018264,25.859951,143.161026,2.617392
125.174637,0.015938,25.859951,143.161026,2.617392
125.174637,0.015951,25.859951,143.161026,2.617392
125.174637,0.015965,25.859951,143.161026,2.617392
125.174637,0.007747,13.839959,150.074219,2.617392
125.174637,0.018458,25.859951,143.161026,2.617392
125.174637,0.015979,25.859951,143.161026,2.617392
115.999420,0.013208,26.054390,145.048477,2.748104
115.999420,0.007681,13.898237,150.328445,2.748104
115.999420,0.004738,19.101482,147.979401,2.748104
115.999420,0.004705,19.101482,147.979401,2.748104
115.999420,0.013252,26.054390,145.048477,2.748104
115.999420,0.018410,26.132734,143.485107,2.748104
115.999420,0.005937,23.462513,146.565323,2.748104
115.999420,0.004671,19.101482,147.979401,2.748104
115.999420,0.004636,19.101482,147.979401,2.748104
115.999420,0.004602,19.101482,147.979401,2.748104
115.999420,0.004568,14.987688,149.295151,2.748104
115.999420,0.004534,14.987688,149.295151,2.748104
115.999420,0.005965,23.462513,146.565323,2.748104
115.999420,0.004500,14.987688,149.295151,2.748104
115.999420,0.004465,14.987688,149.295151,2.748104
115.999420,0.004431,14.987688,149.295151,2.748104
115.999420,0.013296,26.054390,145.048477,2.748104
115.999420,0.005993,23.462513,146.565323,2.748104
115.999420,0.000000,23.462513,146.565323,2.748104
115.999420,0.013340,26.054390,145.048477,2.748104
115.999420,0.000000,23.462513,146.565323,2.748104
115.999420,0.018602,26.132734,143.485107,2.748104
115.999420,0.013384,26.054390,145.048477,2.748104
115.999420,0.000000,23.462513,146.565323,2.748104
115.999420,0.000000,26.054390,145.048477,2.748104
115.999420,0.018793,26.132734,143.485107,2.748104
115.999420,0.000000,26.054390,145.048477,2.748104
115.999420,0.015468,26.132734,143.485107,2.748104
115.999420,0.000000,25.650167,145.448318,2.748104
115.999420,0.015647,26.116137,143.851730,2.748104
115.999420,0.000000,25.650167,145.448318,2.748104
115.999420,0.015826,26.116137,143.851730,2.748104
115.999420,0.003902,25.650167,145.448318,2.748104
115.999420,0.016004,26.116137,143.851730,2.748104
115.999420,0.003942,25.650167,145.448318,2.748104
115.999420,0.016182,26.116137,143.851730,2.748104
115.999420,0.003982,25.007034,145.829041,2.748104
115.999420,0.024134,26.222290,144.243851,2.748104
115.999420,0.004105,26.222290,144.243851,2.748104
115.999420,0.004021,25.007034,145.829041,2.748104
115.999420,0.024282,26.222290,144.243851,2.748104
115.999420,0.004175,26.222290,144.243851,2.748104
115.999420,0.007031,25.007034,145.829041,2.748104
115.999420,0.024429,26.222290,144.243851,2.748104
115.999420,0.004246,26.222290,144.243851,2.748104
115.999420,0.007061,25.007034,145.829041,2.748104
115.999420,0.024576,26.222290,144.243851,2.748104
115.999420,0.007092,25.007034,145.829041,2.748104
115.999420,0.004317,26.222290,144.243851,2.748104
115.999420,0.024722,26.222290,144.243851,2.748104
115.999420,0.007122,24.843975,146.168442,2.748104
115.999420,0.016246,26.098574,144.627396,2.748104
115.999420,0.004387,26.098574,144.627396,2.748104
115.999420,0.007152,24.843975,146.168442,2.748104
115.999420,0.016341,26.098574,144.627396,2.748104
115.999420,0.004457,26.098574,144.627396,2.748104
115.999420,0.007182,24.843975,146.168442,2.748104
115.999420,0.016435,25.642109,143.140991,2.748104
115.999420,0.004528,26.098574,144.627396,2.748104
115.999420,0.004448,24.843975,146.168442,2.748104
115.999420,0.016530,25.642109,143.140991,2.748104
115.999420,0.004598,26.210928,144.946869,2.748104
115.999420,0.016624,25.994789,143.420822,2.748104
115.999420,0.004483,25.691525,145.558762,2.748104
115.999420,0.019322,25.994789,143.420822,2.748104
115.999420,0.004518,25.691525,145.558762,2.748104
115.999420,0.000000,26.210928,144.946869,2.748104
115.999420,0.019446,25.994789,143.420822,2.748104
115.999420,0.004552,25.691525,145.558762,2.748104
115.999420,0.000000,26.210928,144.946869,2.748104
115.999420,0.019569,25.994789,143.420822,2.748104
115.999420,0.004587,25.691525,145.558762,2.748104
115.999420,0.000000,26.210928,144.946869,2.748104
115.999420,0.019692,25.994789,143.420822,2.748104
115.999420,0.004622,25.691525,145.558762,2.748104
115.999420,0.000000,27.210018,144.225784,2.748104
115.999420,0.019815,19.940895,134.290329,2.748104
115.999420,0.011668,26.526524,144.697342,2.748104
115.999420,0.019937,19.940895,134.290329,2.748104
115.999420,0.000000,27.210018,144.225784,2.748104
115.999420,0.011707,26.526524,144.697342,2.748104
115.999420,0.016690,11.359149,53.162926,2.748104
115.999420,0.000000,27.210018,144.225784,2.748104
115.999420,0.011745,26.526524,144.697342,2.748104
115.999420,0.016783,11.359149,53.162926,2.748104
115.999420,0.016876,11.359149,53.162926,2.748104
115.999420,0.000000,26.526524,144.697342,2.748104
115.999420,0.011783,26.526524,144.697342,2.748104
115.999420,0.016968,11.359149,53.162926,2.748104
115.999420,0.011821,27.242456,143.726517,2.748104
115.999420,0.017061,30.270002,50.352356,2.748104
115.999420,0.000000,27.242456,143.726517,2.748104
115.999420,0.017153,30.270002,50.352356,2.748104
115.999420,0.011858,27.242456,143.726517,2.748104
115.999420,0.015614,30.270002,50.352356,2.748104
115.999420,0.011790,27.242456,143.726517,2.748104
115.999420,0.015683,30.270002,50.352356,2.748104
115.999420,0.011820,26.848703,144.260849,2.748104
115.999420,0.015752,30.270002,50.352356,2.748104
115.999420,0.011851,26.848703,144.260849,2.748104
115.999420,0.015821,30.270002,50.352356,2.748104
167.546799,0.012453,26.848703,144.260849,2.821505
115.999420,0.015889,40.928631,51.411865,2.748104
167.546799,0.012484,18.389992,129.801895,2.821505
115.999420,0.015958,40.928631,51.411865,2.748104
167.546799,0.012516,18.389992,129.801895,2.821505
167.546799,0.012548,18.389992,129.801895,2.821505
115.999420,0.018900,40.928631,51.411865,2.748104
167.546799,0.012579,18.389992,129.801895,2.821505
115.999420,0.019000,40.928631,51.411865,2.748104
167.546799,0.015650,18.389992,129.801895,2.821505
167.546799,0.015695,18.389992,129.801895,2.821505
115.999420,0.019100,40.928631,51.411865,2.748104
167.546799,0.015739,19.392506,85.690964,2.821505
115.999420,0.019199,32.432053,51.165085,2.748104
167.546799,0.015783,19.392506,85.690964,2.821505
167.546799,0.015828,19.392506,85.690964,2.821505
115.999420,0.019298,32.432053,51.165085,2.748104
167.546799,0.015871,19.392506,85.690964,2.821505
115.999420,0.019397,32.432053,51.165085,2.748104
167.546799,0.015915,19.392506,85.690964,2.821505
167.546799,0.015959,19.392506,85.690964,2.821505
115.999420,0.019496,32.432053,51.165085,2.748104
191.211685,0.014809,24.911461,92.694115,2.927593
115.999420,0.019594,36.208961,53.198917,2.748104
191.211685,0.014847,24.911461,92.694115,2.927593
191.211685,0.014885,24.911461,92.694115,2.927593
115.999420,0.010043,36.208961,53.198917,2.748104
191.211685,0.014922,24.911461,92.694115,2.927593
115.999420,0.010153,36.208961,53.198917,2.748104
191.211685,0.014960,24.911461,92.694115,2.927593
191.211685,0.014997,24.911461,92.694115,2.927593
115.999420,0.010262,36.208961,53.198917,2.748104
189.634491,0.015027,25.250221,93.164024,2.924990
115.999420,0.010372,31.560411,51.420422,2.748104
189.634491,0.015064,21.974564,98.785645,2.924990
115.999420,0.010481,31.560411,51.420422,2.748104
189.634491,0.014067,21.974564,98.785645,2.924990
189.634491,0.014099,21.974564,98.785645,2.924990
115.999420,0.010590,31.560411,51.420422,2.748104
189.634491,0.014131,21.974564,98.785645,2.924990
115.999420,0.010699,40.528896,58.493320,2.748104
189.634491,0.014163,21.974564,98.785645,2.924990
189.634491,0.014194,21.974564,98.785645,2.924990
115.999420,0.010808,40.528896,58.493320,2.748104
189.634491,0.014226,20.153450,100.715584,2.924990
115.999420,0.010917,38.890778,60.380733,2.748104
189.634491,0.014257,20.153450,100.715584,2.924990
189.634491,0.014289,15.886190,105.119247,2.924990
115.999420,0.011026,38.890778,60.380733,2.748104
189.634491,0.013419,15.886190,105.119247,2.924990
115.999420,0.006766,38.890778,60.380733,2.748104
189.634491,0.013445,15.886190,105.119247,2.924990
115.999420,0.006832,38.890778,60.380733,2.748104
189.634491,0.013471,15.886190,105.119247,2.924990
189.634491,0.013497,15.886190,105.119247,2.924990
189.634491,0.007292,38.890778,60.380733,2.924990
189.634491,0.013523,15.886190,105.119247,2.924990
189.634491,0.007361,34.882839,57.671940,2.924990
189.634491,0.013549,15.711703,107.577095,2.924990
189.634491,0.007431,34.882839,57.671940,2.924990
189.634491,0.013391,15.711703,107.577095,2.924990
189.634491,0.007500,34.882839,57.671940,2.924990
189.634491,0.013418,12.798698,111.946022,2.924990
189.634491,0.000000,35.894943,65.613792,2.924990
189.634491,0.013444,12.798698,111.946022,2.924990
189.634491,0.000000,35.894943,65.613792,2.924990
189.634491,0.000000,35.894943,65.613792,2.924990
189.634491,0.013470,12.798698,111.946022,2.924990
189.634491,0.000000,35.894943,65.613792,2.924990
189.634491,0.000000,35.894943,65.613792,2.924990
189.634491,0.013496,12.798698,111.946022,2.924990
189.634491,0.000000,35.894943,65.613792,2.924990
189.634491,0.000000,30.652018,69.539551,2.924990
189.634491,0.013522,12.798698,111.946022,2.924990
189.634491,0.000000,30.652018,69.539551,2.924990
189.634491,0.000000,30.652018,69.539551,2.924990
189.634491,0.000000,26.298822,93.461380,2.924990
189.634491,0.000000,26.298822,93.461380,2.924990
189.634491,0.000000,27.764929,85.004456,2.924990
189.634491,0.000000,27.764929,85.004456,2.924990
189.634491,0.000000,27.764929,85.004456,2.924990
189.634491,0.000000,27.764929,85.004456,2.924990
189.634491,0.014072,10.765831,112.821152,2.924990
189.634491,0.000000,27.764929,85.004456,2.924990
189.634491,0.000000,27.278984,76.176491,2.924990
189.634491,0.000000,27.278984,76.176491,2.924990
189.634491,0.000000,30.642036,69.612862,2.924990
189.634491,0.000000,27.278984,76.176491,2.924990
189.634491,0.000000,27.278984,76.176491,2.924990
189.634491,0.007384,26.298822,93.461380,2.924990
189.634491,0.000000,27.278984,76.176491,2.924990
189.634491,0.000000,27.278984,76.176491,2.924990
189.634491,0.000000,30.642036,69.612862,2.924990
189.634491,0.014098,10.765831,112.821152,2.924990
189.634491,0.007516,26.298822,93.461380,2.924990
189.634491,0.014125,10.765831,112.821152,2.924990
189.634491,0.007647,26.298822,93.461380,2.924990
189.634491,0.014151,18.906155,139.523682,2.924990
189.634491,0.014177,18.906155,139.523682,2.924990
189.634491,0.007779,26.298822,93.461380,2.924990
189.634491,0.014203,18.906155,139.523682,2.924990
189.634491,0.007911,23.174095,98.656326,2.924990
189.634491,0.014228,18.906155,139.523682,2.924990
189.634491,0.008042,23.174095,98.656326,2.924990
189.634491,0.014254,18.906155,139.523682,2.924990
189.634491,0.008174,23.174095,98.656326,2.924990
189.634491,0.016232,18.906155,139.523682,2.924990
189.634491,0.008305,22.980026,99.031235,2.924990
189.634491,0.016265,17.404648,138.459564,2.924990
189.634491,0.008436,22.980026,99.031235,2.924990
189.634491,0.016298,17.404648,138.459564,2.924990
189.634491,0.008567,22.980026,99.031235,2.924990
189.634491,0.016331,19.145304,139.042511,2.924990
189.634491,0.008783,17.610399,104.146049,2.924990
189.634491,0.016363,19.145304,139.042511,2.924990
189.634491,0.008888,17.610399,104.146049,2.924990
202.222504,0.016453,19.145304,139.042511,2.945778
189.634491,0.008993,17.610399,104.146049,2.924990
202.222504,0.016486,19.145304,139.042511,2.945778
189.634491,0.009097,17.610399,104.146049,2.924990
202.222504,0.016518,19.145304,139.042511,2.945778
189.634491,0.009202,17.438761,104.686417,2.924990
201.784302,0.016548,16.552523,137.734116,2.944684
189.634491,0.009306,17.438761,104.686417,2.924990
201.784302,0.013342,17.761578,138.326004,2.944684
189.634491,0.009411,17.438761,104.686417,2.924990
161.591141,0.013447,17.761578,138.326004,2.695414
189.634491,0.009515,14.974199,109.771950,2.924990
161.591141,0.013751,17.761578,138.326004,2.695414
189.634491,0.009619,14.974199,109.771950,2.924990
161.591141,0.014056,17.761578,138.326004,2.695414
189.634491,0.009723,14.974199,109.771950,2.924990
161.591141,0.014360,17.761578,138.326004,2.695414
189.634491,0.019886,14.974199,109.771950,2.924990
161.591141,0.014664,17.761578,138.326004,2.695414
161.591141,0.014968,17.761578,138.326004,2.695414
189.634491,0.020007,14.749553,110.435944,2.924990
161.591141,0.015272,16.299576,137.535461,2.695414
56.878471,0.011665,16.299576,137.535461,2.465605
189.634491,0.020127,14.749553,110.435944,2.924990
56.878471,0.005446,16.299576,137.535461,2.465605
189.634491,0.020247,14.749553,110.435944,2.924990
56.878471,0.005708,16.299576,137.535461,2.465605
50.294151,0.014206,14.749553,110.435944,2.424581
56.878471,0.005970,16.299576,137.535461,2.465605
50.294151,0.014290,14.749553,110.435944,2.424581
56.878471,0.006232,13.813898,136.020569,2.465605
50.294151,0.014373,14.598936,111.007858,2.424581
50.294151,0.014456,7.483780,131.858124,2.424581
56.878471,0.006494,13.813898,136.020569,2.465605
50.294151,0.016685,7.483780,131.858124,2.424581
56.878471,0.006756,13.813898,136.020569,2.465605
50.294151,0.016765,7.483780,131.858124,2.424581
56.878471,0.007017,13.813898,136.020569,2.465605
50.294151,0.016846,7.695834,130.629074,2.424581
56.878471,0.007279,10.830302,134.013580,2.465605
50.294151,0.016927,7.695834,130.629074,2.424581
56.878471,0.007540,10.830302,134.013580,2.465605
50.294151,0.016894,7.695834,130.629074,2.424581
56.878471,0.027347,10.830302,134.013580,2.465605
50.294151,0.016972,7.695834,130.629074,2.424581
56.878471,0.027525,10.830302,134.013580,2.465605
50.294151,0.017050,7.695834,130.629074,2.424581
56.878471,0.027703,10.830302,134.013580,2.465605
50.294151,0.017128,7.504235,128.683975,2.424581
56.878471,0.027881,8.009377,131.607849,2.465605
50.294151,0.017205,7.504235,128.683975,2.424581
50.294151,0.026440,8.009377,131.607849,2.424581
50.294151,0.017282,7.504235,128.683975,2.424581
50.294151,0.026607,8.009377,131.607849,2.424581
50.294151,0.017359,7.504235,128.683975,2.424581
50.294151,0.026774,8.009377,131.607849,2.424581
50.294151,0.017436,7.738461,126.323097,2.424581
50.294151,0.026940,7.700868,129.064789,2.424581
50.294151,0.017513,7.738461,126.323097,2.424581
50.294151,0.027106,7.700868,129.064789,2.424581
50.294151,0.017590,7.738461,126.323097,2.424581
50.294151,0.024274,7.700868,129.064789,2.424581
50.294151,0.018771,7.738461,126.323097,2.424581
50.294151,0.024406,7.700868,129.064789,2.424581
50.294151,0.024538,7.700868,129.064789,2.424581
50.294151,0.018855,10.754752,123.756264,2.424581
45.589973,0.023504,8.097255,127.025360,2.312742
50.294151,0.018938,10.754752,123.756264,2.424581
45.589973,0.023629,8.097255,127.025360,2.312742
50.294151,0.019020,10.754752,123.756264,2.424581
45.589973,0.023753,8.097255,127.025360,2.312742
50.294151,0.019103,10.754752,123.756264,2.424581
45.589973,0.023878,8.097255,127.025360,2.312742
50.294151,0.019185,10.754752,123.756264,2.424581
36.545471,0.021499,11.131613,124.066811,2.070544
50.294151,0.019268,13.671049,121.042770,2.424581
36.545471,0.020326,11.131613,124.066811,2.070544
36.545471,0.020434,11.131613,124.066811,2.070544
50.294151,0.019350,13.671049,121.042770,2.424581
36.545471,0.020541,11.131613,124.066811,2.070544
50.294151,0.019431,13.671049,121.042770,2.424581
36.545471,0.020648,11.131613,124.066811,2.070544
50.294151,0.019513,13.671049,121.042770,2.424581
43.786072,0.022713,14.465064,120.903412,2.223523
42.895897,0.018112,13.353998,118.170059,2.192167
43.786072,0.022830,14.465064,120.903412,2.223523
42.895897,0.018187,13.353998,118.170059,2.192167
43.786072,0.022947,14.465064,120.903412,2.223523
42.895897,0.018262,13.353998,118.170059,2.192167
43.786072,0.023064,14.465064,120.903412,2.223523
43.786072,0.023180,14.465064,120.903412,2.223523
42.895897,0.018336,13.353998,118.170059,2.192167
51.680130,0.025280,13.836512,117.534172,2.470357
42.895897,0.018411,12.686555,115.245651,2.192167
51.680130,0.015891,13.663522,117.017677,2.470357
42.895897,0.018485,12.686555,115.245651,2.192167
51.680130,0.016024,13.663522,117.017677,2.470357
51.680130,0.016156,13.663522,117.017677,2.470357
42.895897,0.018558,12.686555,115.245651,2.192167
42.895897,0.014858,13.663522,117.017677,2.192167
42.895897,0.018632,12.686555,115.245651,2.192167
42.895897,0.014978,13.663522,117.017677,2.192167
42.895897,0.018706,14.489826,112.476601,2.192167
42.895897,0.015098,14.726978,113.471756,2.192167
42.895897,0.015218,14.726978,113.471756,2.192167
42.895897,0.018779,14.489826,112.476601,2.192167
42.895897,0.015338,14.726978,113.471756,2.192167
42.895897,0.018852,14.489826,112.476601,2.192167
42.895897,0.015458,14.726978,113.471756,2.192167
42.895897,0.015577,15.194675,112.834702,2.192167
42.895897,0.018925,14.489826,112.476601,2.192167
42.895897,0.015697,15.194675,112.834702,2.192167
32.447418,0.016526,16.913462,109.695923,1.988801
32.447418,0.013758,18.435537,109.033310,1.988801
32.447418,0.013125,18.435537,109.033310,1.988801
32.447418,0.016589,16.913462,109.695923,1.988801
32.447418,0.013219,18.435537,109.033310,1.988801
32.447418,0.016652,16.913462,109.695923,1.988801
32.447418,0.013312,18.435537,109.033310,1.988801
32.447418,0.013404,18.435537,109.033310,1.988801
32.447418,0.016714,16.913462,109.695923,1.988801
32.447418,0.013497,18.435537,109.033310,1.988801
32.447418,0.016777,16.913462,109.695923,1.988801
36.350399,0.014384,20.838028,105.214661,2.068017
36.350399,0.014481,18.606791,104.878593,2.068017
36.350399,0.017823,18.607830,106.911598,2.068017
36.350399,0.014579,18.606791,104.878593,2.068017
43.709145,0.019611,18.607830,106.911598,2.221850
36.350399,0.025058,18.606791,104.878593,2.068017
43.709145,0.019682,18.607830,106.911598,2.221850
36.350399,0.025181,18.606791,104.878593,2.068017
43.709145,0.019754,18.607830,106.911598,2.221850
35.138615,0.024879,21.805349,100.060593,2.022715
43.709145,0.019825,20.218758,104.127029,2.221850
35.138615,0.024999,21.805349,100.060593,2.022715
43.709145,0.017666,20.218758,104.127029,2.221850
35.138615,0.025119,21.805349,100.060593,2.022715
43.709145,0.017721,20.218758,104.127029,2.221850
43.709145,0.028142,21.805349,100.060593,2.221850
43.709145,0.017777,20.218758,104.127029,2.221850
43.709145,0.028276,21.805349,100.060593,2.221850
43.709145,0.017832,23.703518,101.350159,2.221850
43.709145,0.028409,30.181946,96.076859,2.221850
43.709145,0.017887,23.703518,101.350159,2.221850
43.709145,0.028541,30.181946,96.076859,2.221850
43.709145,0.017942,23.703518,101.350159,2.221850
43.709145,0.028674,30.181946,96.076859,2.221850
43.709145,0.017997,23.703518,101.350159,2.221850
43.709145,0.028806,30.181946,96.076859,2.221850
43.709145,0.018052,23.703518,101.350159,2.221850
43.709145,0.018106,26.963581,98.579079,2.221850
43.709145,0.028937,34.143295,91.951202,2.221850
43.709145,0.018160,26.963581,98.579079,2.221850
43.709145,0.029069,34.143295,91.951202,2.221850
43.709145,0.016898,26.963581,98.579079,2.221850
43.709145,0.029200,34.143295,91.951202,2.221850
43.709145,0.016947,26.963581,98.579079,2.221850
43.709145,0.029331,34.143295,91.951202,2.221850
43.709145,0.016997,26.963581,98.579079,2.221850
44.308098,0.029661,37.373127,87.406776,2.231288
53.809174,0.018880,29.531031,95.821472,2.492171
44.308098,0.029792,37.373127,87.406776,2.231288
53.809174,0.041724,27.387138,85.407272,2.492171
53.809174,0.041863,27.387138,85.407272,2.492171
53.809174,0.042002,27.387138,85.407272,2.492171
53.809174,0.042140,27.387138,85.407272,2.492171
53.809174,0.042277,28.174568,80.629761,2.492171
53.809174,0.042414,28.174568,80.629761,2.492171
53.809174,0.042551,28.174568,80.629761,2.492171
53.809174,0.042687,28.174568,80.629761,2.492171
53.809174,0.042822,37.327301,76.055817,2.492171
53.809174,0.042957,37.327301,76.055817,2.492171
53.809174,0.043092,37.327301,76.055817,2.492171
53.809174,0.043226,37.327301,76.055817,2.492171
53.809174,0.043360,37.327301,76.055817,2.492171
53.742153,0.045092,39.723362,72.039566,2.492170
53.742153,0.045234,39.723362,72.039566,2.492170
53.742153,0.045376,39.723362,72.039566,2.492170
53.742153,0.045518,39.711803,73.915871,2.492170
53.742153,0.045659,44.250591,70.030167,2.492170
53.742153,0.045799,44.250591,70.030167,2.492170
53.742153,0.045939,44.250591,70.030167,2.492170
53.742153,0.046078,44.250591,70.030167,2.492170
53.763355,0.032546,44.250591,70.030167,2.492156
53.763355,0.038588,48.129131,66.096626,2.492156
53.763355,0.038707,48.129131,66.096626,2.492156
53.763355,0.038826,48.129131,66.096626,2.492156
53.763355,0.038945,48.129131,66.096626,2.492156
53.763355,0.039063,48.129131,66.096626,2.492156
53.763355,0.039181,61.776230,72.610100,2.492156
53.736290,0.039871,71.433304,84.666168,2.492174
53.736290,0.040005,71.433304,84.666168,2.492174
53.736290,0.040139,71.433304,84.666168,2.492174
53.736290,0.040273,71.433304,84.666168,2.492174
53.736290,0.040406,71.433304,84.666168,2.492174
53.736290,0.040539,71.433304,84.666168,2.492174
53.736290,0.040671,31.935823,108.488312,2.492174
53.669518,0.043103,31.935823,108.488312,2.492201
53.669518,0.043211,31.935823,108.488312,2.492201
53.669518,0.043319,31.935823,108.488312,2.492201
53.669518,0.043427,31.935823,108.488312,2.492201
53.669518,0.043533,31.935823,108.488312,2.492201
53.669518,0.043640,29.599463,104.657921,2.492201
53.669518,0.043746,29.599463,104.657921,2.492201
53.669518,0.038548,29.599463,104.657921,2.492201
53.669518,0.038649,29.599463,104.657921,2.492201
53.669518,0.038749,22.134438,106.531174,2.492201
53.669518,0.038849,22.134438,106.531174,2.492201
53.683857,0.038954,25.584932,102.897697,2.492196
53.683857,0.039054,25.584932,102.897697,2.492196
53.683857,0.039153,25.584932,102.897697,2.492196
53.683857,0.039251,25.584932,102.897697,2.492196
53.683857,0.039008,25.584932,102.897697,2.492196
53.683857,0.039089,25.584932,102.897697,2.492196
53.683857,0.039170,24.022427,110.358742,2.492196
53.683857,0.039250,27.116026,106.969696,2.492196
53.683857,0.039331,27.116026,106.969696,2.492196
53.683857,0.039116,27.116026,106.969696,2.492196
53.683857,0.039199,27.116026,106.969696,2.492196
53.663967,0.039276,27.116026,106.969696,2.492204
53.663967,0.039359,27.116026,106.969696,2.492204
53.663967,0.039442,32.017323,103.517334,2.492204
53.663967,0.036373,32.017323,103.517334,2.492204
53.663967,0.036461,32.017323,103.517334,2.492204
53.663967,0.036550,23.450687,104.460785,2.492204
53.663967,0.036638,23.450687,104.460785,2.492204
53.663967,0.036725,23.450687,104.460785,2.492204
53.672134,0.036815,23.450687,104.460785,2.492201
53.672134,0.045228,23.450687,104.460785,2.492201
53.672134,0.045320,28.278360,100.924881,2.492201
53.672134,0.045412,28.278360,100.924881,2.492201
53.672134,0.045503,28.278360,100.924881,2.492201
53.672134,0.045594,28.278360,100.924881,2.492201
53.672134,0.045684,27.142187,101.901840,2.492201
53.672134,0.043863,27.142187,101.901840,2.492201
53.775253,0.044016,31.454584,98.489151,2.492160
53.775253,0.044129,31.454584,98.489151,2.492160
53.775253,0.044241,31.454584,98.489151,2.492160
53.775253,0.044352,31.454584,98.489151,2.492160
53.775253,0.041861,31.454584,98.489151,2.492160
53.775253,0.041966,30.322329,98.711411,2.492160
53.775253,0.042070,30.322329,98.711411,2.492160
53.775253,0.042174,30.322329,98.711411,2.492160
53.775253,0.042277,35.127205,95.397583,2.492160
53.775253,0.042380,35.127205,95.397583,2.492160
53.822166,0.035579,35.127205,95.397583,2.492102
53.822166,0.035629,35.127205,95.397583,2.492102
53.822166,0.035679,35.033283,96.476753,2.492102
53.822166,0.042694,35.033283,96.476753,2.492102
53.822166,0.042783,35.033283,96.476753,2.492102
53.822166,0.042870,39.861141,93.295509,2.492102
53.822166,0.042958,39.861141,93.295509,2.492102
53.822166,0.043045,39.861141,93.295509,2.492102
53.822166,0.049426,39.861141,93.295509,2.492102
53.822166,0.049524,39.861141,93.295509,2.492102
53.822166,0.049622,37.363132,87.896179,2.492102
53.822166,0.030635,37.363132,87.896179,2.492102
53.822166,0.030731,37.363132,87.896179,2.492102
53.822166,0.030827,37.363132,87.896179,2.492102
53.811981,0.030919,10.724077,60.977856,2.492113
53.811981,0.031014,10.724077,60.977856,2.492113
53.811981,0.031109,10.724077,60.977856,2.492113
53.811981,0.053496,10.724077,60.977856,2.492113
53.811981,0.053594,10.724077,60.977856,2.492113
53.811981,0.053692,10.724077,60.977856,2.492113
53.811981,0.053789,19.660130,59.401108,2.492113
53.811981,0.053885,19.660130,59.401108,2.492113
53.811981,0.053981,19.660130,59.401108,2.492113
53.811981,0.054076,49.666531,59.832001,2.492113
53.811981,0.054170,49.666531,59.832001,2.492113
53.811981,0.054264,48.718571,57.473736,2.492113
53.811981,0.054357,48.718571,57.473736,2.492113
53.791416,0.029847,48.718571,57.473736,2.492148
53.791416,0.029881,48.718571,57.473736,2.492148
53.791416,0.047918,48.718571,57.473736,2.492148
53.791416,0.047998,48.718571,57.473736,2.492148
53.791416,0.048078,43.901672,54.905506,2.492148
53.791416,0.048158,43.901672,54.905506,2.492148
54.060818,0.048353,43.901672,54.905506,2.491704
54.060818,0.048432,47.363468,55.676426,2.491704
54.060818,0.048510,47.363468,55.676426,2.491704
54.060818,0.048251,47.363468,55.676426,2.491704
54.060818,0.048339,47.363468,55.676426,2.491704
54.441177,0.048590,46.955734,53.505081,2.490331
54.441177,0.048677,46.955734,53.505081,2.490331
54.441177,0.048763,46.955734,53.505081,2.490331
54.441177,0.048849,46.955734,53.505081,2.490331
54.441177,0.048934,41.542480,51.371880,2.490331
54.441177,0.049018,41.542480,51.371880,2.490331
54.441177,0.049102,41.542480,51.371880,2.490331
54.441177,0.049186,41.542480,51.371880,2.490331
54.441177,0.049269,41.542480,51.371880,2.490331
54.441177,0.049351,34.766922,49.277405,2.490331
54.441177,0.049433,34.766922,49.277405,2.490331
54.441177,0.049514,34.766922,49.277405,2.490331
54.441177,0.049594,34.766922,49.277405,2.490331
54.441177,0.049674,34.766922,49.277405,2.490331
54.441177,0.049753,28.161671,47.617435,2.490331
54.441177,0.049832,28.161671,47.617435,2.490331
54.441177,0.049910,28.161671,47.617435,2.490331
54.441177,0.049987,28.161671,47.617435,2.490331
54.441177,0.050064,22.465176,46.198692,2.490331
54.441177,0.050140,22.465176,46.198692,2.490331
54.441177,0.050216,22.465176,46.198692,2.490331
54.441177,0.050291,22.465176,46.198692,2.490331
54.441177,0.050366,22.465176,46.198692,2.490331
54.441177,0.050440,15.553602,44.774532,2.490331
54.441177,0.022541,15.553602,44.774532,2.490331
54.441177,0.008040,13.808759,44.448013,2.490331
54.441177,0.008362,13.808759,44.448013,2.490331
54.441177,0.008683,5.143307,43.076180,2.490331
54.441177,0.009004,5.143307,43.076180,2.490331
54.441177,0.009326,5.143307,43.076180,2.490331
54.441177,0.009647,5.143307,43.076180,2.490331
54.441177,0.009968,5.143307,43.076180,2.490331
54.441177,0.016348,5.143307,43.076180,2.490331
54.441177,0.016712,3.994354,43.541092,2.490331
54.441177,0.017076,6.033716,43.909531,2.490331
54.441177,0.017440,6.033716,43.909531,2.490331
54.441177,0.017803,6.033716,43.909531,2.490331
54.441177,0.018166,6.033716,43.909531,2.490331
54.441177,0.018529,15.621354,45.744339,2.490331
54.441177,0.018892,15.621354,45.744339,2.490331
54.441177,0.019255,15.621354,45.744339,2.490331
54.441177,0.019617,15.621354,45.744339,2.490331
54.441177,0.019979,23.321445,47.589375,2.490331
54.441177,0.020341,23.321445,47.589375,2.490331
54.441177,0.020703,23.321445,47.589375,2.490331
54.441177,0.021065,23.321445,47.589375,2.490331
54.441177,0.021426,23.321445,47.589375,2.490331
54.441177,0.033444,27.810375,49.438148,2.490331
54.441177,0.033839,27.810375,49.438148,2.490331
54.441177,0.034234,27.810375,49.438148,2.490331
54.441177,0.034628,27.810375,49.438148,2.490331
54.441177,0.035022,27.810375,49.438148,2.490331
54.441177,0.035416,29.355179,51.309906,2.490331
54.441177,0.035809,29.355179,51.309906,2.490331
54.441177,0.036202,27.959539,50.813980,2.490331
54.441177,0.036594,27.959539,50.813980,2.490331
54.441177,0.036986,27.959539,50.813980,2.490331
54.441177,0.037377,31.150082,52.733574,2.490331
54.441177,0.037768,31.150082,52.733574,2.490331
54.441177,0.038159,31.150082,52.733574,2.490331
54.441177,0.038549,31.150082,52.733574,2.490331
54.441177,0.038938,31.150082,52.733574,2.490331
54.441177,0.039327,33.182392,54.684242,2.490331
54.441177,0.039716,33.182392,54.684242,2.490331
54.441177,0.040104,33.182392,54.684242,2.490331
54.441177,0.040492,33.182392,54.684242,2.490331
54.441177,0.040879,33.182392,54.684242,2.490331
54.441177,0.041266,33.503555,56.218269,2.490331
54.441177,0.041862,33.503555,56.218269,2.490331
54.441177,0.042230,33.503555,56.218269,2.490331
54.441177,0.042598,33.503555,56.218269,2.490331
54.441177,0.042966,33.503555,56.218269,2.490331
54.441177,0.043333,33.503555,56.218269,2.490331
54.441177,0.043699,31.563944,58.286652,2.490331
54.441177,0.044065,31.563944,58.286652,2.490331
54.441177,0.044430,12.974600,47.651630,2.490331
54.441177,0.044795,12.974600,47.651630,2.490331
54.441177,0.045160,12.974600,47.651630,2.490331
54.441177,0.045524,12.974600,47.651630,2.490331
54.441177,0.044590,9.175845,48.233082,2.490331
54.441177,0.044967,9.175845,48.233082,2.490331
54.441177,0.045344,9.175845,48.233082,2.490331
54.441177,0.045721,9.175845,48.233082,2.490331
54.441177,0.046097,9.175845,48.233082,2.490331
54.441177,0.046472,8.957747,49.775330,2.490331
54.441177,0.046847,8.957747,49.775330,2.490331
54.441177,0.047221,8.957747,49.775330,2.490331
54.441177,0.047594,10.311644,49.294182,2.490331
54.441177,0.047967,10.311644,49.294182,2.490331
54.441177,0.048340,12.475856,50.894623,2.490331
54.441177,0.048712,12.475856,50.894623,2.490331
54.441177,0.049083,12.475856,50.894623,2.490331
54.441177,0.049454,12.475856,50.894623,2.490331
54.441177,0.049824,12.475856,50.894623,2.490331
54.441177,0.050193,12.475856,52.379730,2.490331
54.441177,0.050562,12.475856,52.379730,2.490331
54.441177,0.050931,28.862747,52.379730,2.490331
72.272942,0.058262,28.862747,52.379730,2.419660
72.272942,0.058679,28.862747,52.379730,2.419660
72.272942,0.059095,28.862747,53.725922,2.419660
72.272942,0.059510,28.862747,53.725922,2.419660
72.272942,0.059925,28.862747,53.115055,2.419660
72.272942,0.052720,28.862747,53.115055,2.419660
72.272942,0.053122,28.862747,53.115055,2.419660
72.272942,0.053523,29.416676,54.757233,2.419660
72.272942,0.053923,29.416676,54.757233,2.419660
61.343849,0.050596,29.416676,54.757233,2.477685
61.343849,0.050967,29.416676,54.757233,2.477685
61.343849,0.051339,29.416676,54.757233,2.477685
61.343849,0.051709,29.416676,56.447617,2.477685
61.343849,0.052079,29.416676,56.447617,2.477685
61.343849,0.052448,32.296402,56.447617,2.477685
61.343849,0.052817,32.296402,56.447617,2.477685
61.343849,0.053185,32.296402,56.447617,2.477685
61.343849,0.053553,32.296402,58.185825,2.477685
61.343849,0.053920,32.296402,58.185825,2.477685
61.343849,0.054286,32.296402,58.185825,2.477685
61.343849,0.054652,32.296402,58.185825,2.477685
61.343849,0.055017,32.296402,58.185825,2.477685
61.343849,0.055381,32.296402,59.972351,2.477685
61.343849,0.055745,32.296402,59.972351,2.477685
61.343849,0.056108,32.296402,59.972351,2.477685
61.343849,0.043607,32.296402,59.972351,2.477685
61.343849,0.043945,27.469065,59.972351,2.477685
61.343849,0.044283,27.469065,62.987076,2.477685
61.343849,0.044619,27.469065,62.987076,2.477685
61.343849,0.044956,27.469065,62.987076,2.477685
61.343849,0.045292,27.469065,62.987076,2.477685
61.343849,0.045627,27.469065,62.987076,2.477685
61.343849,0.045962,27.469065,66.792130,2.477685
61.343849,0.046297,27.469065,66.792130,2.477685
61.343849,0.046630,27.469065,66.792130,2.477685
61.343849,0.046964,27.469065,66.792130,2.477685
61.343849,0.047297,27.469065,66.792130,2.477685
61.343849,0.047629,27.469065,66.792130,2.477685
61.343849,0.047961,27.469065,66.792130,2.477685
61.343849,0.041201,27.469065,66.792130,2.477685
61.343849,0.041506,27.469065,66.792130,2.477685
61.343849,0.041811,27.469065,66.792130,2.477685
61.343849,0.042116,27.469065,66.792130,2.477685
61.343849,0.042420,27.469065,66.792130,2.477685
61.343849,0.042724,27.469065,70.062469,2.477685
61.343849,0.043027,27.469065,70.062469,2.477685
61.343849,0.043330,27.469065,70.062469,2.477685
61.343849,0.043633,27.469065,70.062469,2.477685
61.343849,0.043935,27.469065,70.062469,2.477685
59.784451,0.117668,14.112570,110.002106,2.462939
59.784451,0.118050,14.112570,110.002106,2.462939
59.784451,0.118431,14.112570,110.002106,2.462939
59.784451,0.118810,14.112570,110.002106,2.462939
59.784451,0.119189,14.112570,110.002106,2.462939
59.784451,0.119566,14.112570,110.002106,2.462939
59.784451,0.119941,14.112570,110.002106,2.462939
59.784451,0.120315,14.554723,111.367027,2.462939
58.257408,0.119238,15.063525,106.834946,2.460656
58.257408,0.119605,15.063525,106.834946,2.460656
58.257408,0.105070,15.063525,106.834946,2.460656
55.600662,0.103079,15.063525,106.834946,2.482054
55.600662,0.103385,15.063525,106.834946,2.482054
55.600662,0.103691,15.063525,106.834946,2.482054
55.600662,0.103995,15.063525,106.834946,2.482054
55.600662,0.104299,16.350447,106.783501,2.482054
55.600662,0.104601,16.329784,108.174408,2.482054
55.600662,0.104903,16.329784,108.174408,2.482054
55.600662,0.105203,16.329784,108.174408,2.482054
50.125824,0.111206,16.329784,108.174408,2.448727
50.125824,0.111525,16.329784,108.174408,2.448727
50.125824,0.111842,16.329784,108.174408,2.448727
50.125824,0.112158,16.631657,108.072739,2.448727
50.125824,0.112473,16.631657,108.072739,2.448727
50.125824,0.112787,16.631657,108.072739,2.448727
50.125824,0.113099,16.127398,109.504211,2.448727
50.125824,0.113410,16.127398,109.504211,2.448727
48.703751,0.112124,16.127398,109.504211,2.404742
48.703751,0.112429,16.127398,109.504211,2.404742
48.703751,0.112732,15.477948,109.454338,2.404742
48.703751,0.113034,15.477948,109.454338,2.404742
48.703751,0.113334,15.477948,109.454338,2.404742
48.703751,0.115402,14.369062,110.811058,2.404742
48.703751,0.115708,14.369062,110.811058,2.404742
36.199173,0.100098,14.369062,110.811058,2.045858
36.199173,0.100360,14.369062,110.811058,2.045858
36.199173,0.100620,14.369062,110.811058,2.045858
36.199173,0.100880,14.882318,110.717178,2.045858
36.199173,0.101139,14.882318,110.717178,2.045858
33.597301,0.097686,13.405716,112.106934,1.973312
33.597301,0.097933,13.405716,112.106934,1.973312
33.597301,0.098179,13.405716,112.106934,1.973312
33.597301,0.098423,13.405716,112.106934,1.973312
33.597301,0.098667,13.405716,112.106934,1.973312
33.597301,0.098909,13.405716,112.106934,1.973312
33.597301,0.099151,12.426644,113.510712,1.973312
32.353390,0.097534,12.426644,113.510712,1.959718
32.353390,0.097769,12.426644,113.510712,1.959718
32.353390,0.098002,14.574263,129.724060,1.959718
32.353390,0.098235,14.574263,129.724060,1.959718
32.353390,0.098466,14.574263,129.724060,1.959718
32.727711,0.099266,22.214039,136.842697,1.962496
32.727711,0.099497,22.214039,136.842697,1.962496
32.727711,0.099726,22.214039,136.842697,1.962496
32.727711,0.099954,22.214039,136.842697,1.962496
32.727711,0.100181,22.214039,136.842697,1.962496
32.727711,0.101369,22.214039,136.842697,1.962496
22.843231,0.084878,29.453495,139.806152,1.919361
22.843231,0.085065,29.453495,139.806152,1.919361
22.843231,0.085252,29.453495,139.806152,1.919361
22.843231,0.085438,29.453495,139.806152,1.919361
22.843231,0.085623,29.453495,139.806152,1.919361
22.843231,0.085807,29.453495,139.806152,1.919361
22.843231,0.085990,29.453495,139.806152,1.919361
21.140873,0.082899,30.275389,139.930496,1.912701
21.140873,0.083073,33.778908,142.477646,1.912701
21.140873,0.083246,33.778908,142.477646,1.912701
21.140873,0.083419,33.778908,142.477646,1.912701
21.140873,0.083590,33.778908,142.477646,1.912701
21.140873,0.083760,33.778908,142.477646,1.912701
21.140873,0.083930,33.778908,142.477646,1.912701
21.140873,0.084098,32.084244,141.850601,1.912701
14.660606,0.070172,32.084244,141.850601,1.874715
14.660606,0.070311,34.042961,144.295990,1.874715
14.660606,0.070449,34.042961,144.295990,1.874715
14.660606,0.070586,34.042961,144.295990,1.874715
14.660606,0.070723,34.042961,144.295990,1.874715
14.660606,0.070858,34.042961,144.295990,1.874715
14.665038,0.069747,30.561886,143.212936,1.874795
14.665038,0.069890,30.561886,143.212936,1.874795
14.665038,0.070031,30.561886,143.212936,1.874795
14.665038,0.070172,30.561886,143.212936,1.874795
14.665038,0.070312,30.561886,143.212936,1.874795
13.819079,0.068389,28.846943,144.614014,1.861723
13.819079,0.068523,28.846943,144.614014,1.861723
13.819079,0.068656,28.846943,144.614014,1.861723
13.819079,0.068789,28.846943,144.614014,1.861723
13.819079,0.068920,28.846943,144.614014,1.861723
13.819079,0.069051,28.846943,144.614014,1.861723
11.937681,0.064300,28.846943,144.076080,1.800728
11.937681,0.064420,28.846943,144.076080,1.800728
11.937681,0.058113,28.846943,144.076080,1.800728
11.937681,0.058228,28.846943,144.076080,1.800728
11.937681,0.058343,28.846943,144.076080,1.800728
14.017725,0.063345,28.846943,146.411926,1.862525
14.017725,0.063468,28.846943,146.411926,1.862525
14.017725,0.066173,28.846943,146.411926,1.862525
14.017725,0.066288,28.846943,146.411926,1.862525
14.017725,0.066402,28.846943,146.411926,1.862525
14.017725,0.066515,28.846943,147.192642,1.862525
21.810930,0.083111,28.846943,147.192642,1.915256
21.810930,0.083250,24.892298,148.775787,1.915256
21.810930,0.083389,24.892298,148.775787,1.915256
21.810930,0.083527,24.892298,148.775787,1.915256
21.810930,0.083664,24.892298,148.775787,1.915256
24.809364,0.089375,24.892298,148.775787,1.933535
24.809364,0.089519,24.892298,148.775787,1.933535
24.809364,0.089663,24.892298,148.775787,1.933535
24.809364,0.089805,24.892298,148.775787,1.933535
24.809364,0.056094,24.892298,148.775787,1.933535
25.182673,0.056616,24.892298,148.775787,1.935988
25.182673,0.056719,24.892298,148.775787,1.935988
25.182673,0.056820,24.892298,148.775787,1.935988
25.182673,0.056921,24.892298,148.775787,1.935988
25.182673,0.069118,24.892298,148.775787,1.935988
25.182673,0.069202,24.892298,148.775787,1.935988
25.182673,0.069285,24.892298,148.775787,1.935988
25.554491,0.054229,24.892298,148.775787,1.938565
25.554491,0.084911,24.892298,148.775787,1.938565
25.554491,0.083353,24.892298,148.775787,1.938565
25.554491,0.082831,24.892298,148.775787,1.938565
25.554491,0.082308,24.892298,148.775787,1.938565
25.554491,0.081784,24.892298,148.775787,1.938565
25.554491,0.086274,24.892298,148.775787,1.938565
29.130375,0.091464,24.892298,148.775787,1.955427
29.130375,0.090815,18.364458,150.177032,1.955427
29.130375,0.090164,18.364458,150.177032,1.955427
29.130375,0.089512,18.364458,150.177032,1.955427
29.130375,0.088860,18.364458,150.177032,1.955427
29.130375,0.088207,18.364458,150.177032,1.955427
29.130375,0.087552,18.364458,150.177032,1.955427
29.130375,0.086897,18.364458,151.867126,1.955427
32.756344,0.091450,18.364458,151.867126,1.962783
32.756344,0.090754,18.364458,151.867126,1.962783
32.756344,0.090056,18.364458,151.867126,1.962783
32.756344,0.089357,18.364458,151.867126,1.962783
32.756344,0.088658,18.364458,151.867126,1.962783
27.081112,0.000000,46.730679,189.773453,1.948295
24.451595,0.000000,46.730679,183.243835,1.930943
32.756344,0.094071,18.364458,151.867126,1.962783
24.451595,0.000000,46.730679,183.243835,1.930943
24.451595,0.000000,46.730679,183.243835,1.930943
32.756344,0.093289,18.364458,151.867126,1.962783
21.069654,0.000000,46.730679,183.243835,1.912427
36.048241,0.097040,18.364458,151.867126,2.040565
21.069654,0.000000,46.730679,183.243835,1.912427
21.069654,0.000000,46.730679,183.243835,1.912427
36.048241,0.096217,18.364458,151.867126,2.040565
21.069654,0.000000,46.730679,183.243835,1.912427
21.069654,0.000000,46.730679,183.243835,1.912427
36.048241,0.095393,18.364458,151.867126,2.040565
21.069654,0.000000,46.730679,183.243835,1.912427
36.048241,0.094568,18.364458,151.867126,2.040565
16.198717,0.000000,44.099018,180.076263,1.893845
16.198717,0.000000,44.099018,180.076263,1.893845
36.048241,0.093741,18.364458,153.171570,2.040565
16.198717,0.000000,44.099018,180.076263,1.893845
16.198717,0.000000,44.099018,180.076263,1.893845
36.048241,0.092914,18.364458,153.171570,2.040565
16.198717,0.000000,44.099018,180.076263,1.893845
36.048241,0.092085,18.364458,153.171570,2.040565
16.198717,0.000000,40.943718,180.076263,1.893845
18.588430,0.000000,40.943718,177.496460,1.905029
36.048241,0.091256,18.364458,153.171570,2.040565
18.588430,0.000000,40.943718,177.496460,1.905029
18.588430,0.000000,40.943718,177.496460,1.905029
40.256939,0.095550,18.364458,153.171570,2.152853
18.588430,0.000000,40.943718,177.496460,1.905029
40.256939,0.087134,18.364458,153.171570,2.152853
17.637995,0.000000,40.943718,177.496460,1.902068
17.637995,0.000000,40.943718,177.496460,1.902068
40.256939,0.086356,18.364458,153.171570,2.152853
21.818802,0.000000,40.943718,175.300400,1.915691
40.256939,0.085577,18.364458,153.171570,2.152853
21.818802,0.000000,40.943718,175.300400,1.915691
21.818802,0.000000,40.943718,175.300400,1.915691
40.256939,0.084797,18.364458,153.171570,2.152853
21.818802,0.000000,40.943718,175.300400,1.915691
40.256939,0.084016,18.364458,153.171570,2.152853
21.818802,0.000000,40.943718,175.300400,1.915691
40.256939,0.083235,18.364458,153.171570,2.152853
21.818802,0.000000,40.943718,175.300400,1.915691
21.818802,0.000000,40.943718,175.300400,1.915691
46.139412,0.088237,18.364458,153.171570,2.296986
21.818802,0.000000,40.943718,175.300400,1.915691
46.139412,0.087399,18.364458,153.171570,2.296986
19.092829,0.000000,40.943718,175.300400,1.906271
46.139412,0.086560,25.195053,153.171570,2.296986
19.092829,0.000000,40.943718,175.300400,1.906271
19.092829,0.000000,40.943718,175.300400,1.906271
46.139412,0.085719,25.195053,153.171570,2.296986
18.538086,0.000000,40.943718,175.300400,1.904976
46.139412,0.084878,25.195053,153.171570,2.296986
18.538086,0.000000,40.943718,175.300400,1.904976
46.139412,0.084036,25.195053,153.171570,2.296986
21.886980,0.000000,40.943718,175.300400,1.915923
46.139412,0.081231,25.195053,153.171570,2.296986
21.886980,0.000000,40.943718,175.300400,1.915923
46.139412,0.080418,33.304474,153.171570,2.296986
21.886980,0.000000,40.943718,175.300400,1.915923
52.932060,0.085151,33.304474,153.171570,2.490529
21.886980,0.000000,40.943718,175.300400,1.915923
52.932060,0.084279,33.304474,153.171570,2.490529
21.886980,0.000000,40.943718,175.300400,1.915923
52.932060,0.083407,33.304474,154.172638,2.490529
21.886980,0.000000,40.943718,175.300400,1.915923
52.932060,0.082533,33.304474,154.172638,2.490529
21.886980,0.000000,40.943718,175.300400,1.915923
21.886980,0.000000,40.943718,175.300400,1.915923
52.932060,0.081659,33.304474,154.172638,2.490529
21.886980,0.000000,40.943718,175.300400,1.915923
52.932060,0.080783,33.304474,154.172638,2.490529
20.998043,0.000000,40.943718,175.300400,1.912221
20.998043,0.000000,40.943718,175.300400,1.912221
20.998043,0.001698,40.943718,175.300400,1.912221
20.998043,0.002010,40.943718,175.300400,1.912221
20.998043,0.002322,40.943718,175.300400,1.912221
20.998043,0.002634,40.943718,175.300400,1.912221
20.998043,0.002946,40.943718,175.300400,1.912221
18.851879,0.003087,40.943718,175.300400,1.905661
18.851879,0.003383,40.943718,175.300400,1.905661
18.851879,0.005086,40.943718,175.300400,1.905661
18.851879,0.005316,40.943718,175.300400,1.905661
18.851879,0.005546,40.943718,175.300400,1.905661
31.157394,0.115031,18.364458,153.171570,1.955466
18.851879,0.005776,40.943718,175.300400,1.905661
31.157394,0.115092,18.364458,154.602509,1.955466
17.170052,0.005732,40.943718,175.300400,1.900110
31.157394,0.103626,18.364458,154.602509,1.955466
17.170052,0.005491,40.943718,175.300400,1.900110
17.170052,0.005679,40.943718,175.300400,1.900110
31.157394,0.103685,12.814589,154.602509,1.955466
17.170052,0.007442,40.943718,175.300400,1.900110
31.157394,0.103743,12.814589,154.602509,1.955466
17.170052,0.007735,40.943718,175.300400,1.900110
31.157394,0.072401,12.814589,154.602509,1.955466
31.157394,0.072442,12.814589,154.602509,1.955466
17.170052,0.008028,40.943718,175.300400,1.900110
26.791981,0.067214,12.814589,154.602509,1.946967
17.850487,0.008485,40.445221,175.300400,1.902800
26.791981,0.108912,12.814589,154.602509,1.946967
17.850487,0.008783,40.445221,175.300400,1.902800
26.791981,0.108953,12.814589,154.602509,1.946967
34.646938,0.060720,16.069134,1426.003662,1.997132
17.850487,0.009082,40.445221,175.300400,1.902800
26.791981,0.108993,12.814589,154.602509,1.946967
34.646938,0.177581,16.069134,1426.003662,1.997132
26.791981,0.115547,12.814589,154.602509,1.946967
17.850487,0.009381,40.445221,175.300400,1.902800
34.646938,0.177000,16.069134,1426.003662,1.997132
26.791981,0.115588,12.814589,154.602509,1.946967
17.850487,0.009679,40.445221,175.300400,1.902800
26.791981,0.115627,12.814589,154.602509,1.946967
34.646938,0.176418,16.069134,1426.003662,1.997132
17.850487,0.009977,40.445221,175.300400,1.902800
26.791981,0.115666,12.814589,154.602509,1.946967
17.850487,0.010275,40.445221,175.300400,1.902800
34.646938,0.175834,27.045593,1029.772095,1.997132
26.791981,0.121893,12.814589,154.602509,1.946967
21.284073,0.011546,40.445221,209.735077,1.913283
26.791981,0.121934,13.484196,154.602509,1.946967
34.646938,0.175247,27.045593,1029.772095,1.997132
21.284073,0.011871,40.445221,209.735077,1.913283
44.190327,0.156600,13.484196,154.602509,2.243388
34.646938,0.174659,27.045593,1029.772095,1.997132
21.284073,0.012196,40.445221,209.735077,1.913283
44.190327,0.167908,13.484196,154.602509,2.243388
34.646938,0.174068,27.045593,1029.772095,1.997132
44.190327,0.167964,13.484196,154.602509,2.243388
21.284073,0.012521,40.445221,209.735077,1.913283
44.190327,0.168019,13.484196,154.602509,2.243388
21.284073,0.012507,40.445221,461.630768,1.913283
34.646938,0.173476,27.045593,1029.772095,1.997132
21.284073,0.012824,40.445221,461.630768,1.913283
44.190327,0.168072,13.484196,154.602509,2.243388
32.933167,0.168552,28.639591,732.835571,1.964613
21.284073,0.013141,40.445221,461.630768,1.913283
44.190327,0.165849,13.484196,154.602509,2.243388
32.933167,0.167971,28.639591,732.835571,1.964613
23.811150,0.014233,40.445221,461.630768,1.926634
44.190327,0.165902,13.484196,154.602509,2.243388
23.811150,0.014568,40.445221,461.630768,1.926634
44.190327,0.165952,13.484196,154.602509,2.243388
32.933167,0.167387,28.639591,732.835571,1.964613
23.811150,0.014902,40.445221,1627.937622,1.926634
48.290024,0.169728,13.484196,154.602509,2.385066
32.933167,0.125219,28.639591,732.835571,1.964613
23.811150,0.015236,40.445221,1627.937622,1.926634
48.290024,0.169772,13.484196,154.602509,2.385066
32.557949,0.123992,28.639591,732.835571,1.961137
23.811150,0.015570,40.445221,1627.937622,1.926634
48.290024,0.169815,13.484196,154.602509,2.385066
23.811150,0.015904,40.445221,1627.937622,1.926634
48.290024,0.169855,13.256767,154.602509,2.385066
32.557949,0.123478,28.639591,732.835571,1.961137
23.811150,0.016238,40.445221,1627.937622,1.926634
39.628551,0.154010,13.256767,154.602509,2.132845
32.557949,0.122963,26.780405,597.424988,1.961137
23.811150,0.016571,40.445221,1627.937622,1.926634
39.628551,0.140957,13.256767,154.602509,2.132845
32.557949,0.122447,26.780405,597.424988,1.961137
23.442490,0.016773,40.445221,1627.937622,1.924602
39.628551,0.140987,13.256767,154.946411,2.132845
32.557949,0.121930,26.780405,597.424988,1.961137
23.442490,0.017103,40.445221,1627.937622,1.924602
39.628551,0.141015,14.136618,154.946411,2.132845
23.442490,0.017434,40.445221,1627.937622,1.924602
32.557949,0.121411,26.780405,597.424988,1.961137
39.628551,0.141043,14.136618,154.946411,2.132845
23.442490,0.017306,40.445221,1627.937622,1.924602
32.557949,0.120891,26.780405,597.424988,1.961137
39.628551,0.141069,14.136618,154.946411,2.132845
23.442490,0.017635,46.680084,1627.937622,1.924602
32.557949,0.120370,26.780405,597.424988,1.961137
38.699341,0.107935,14.136618,154.946411,2.109475
23.981506,0.018169,46.680084,1627.937622,1.927812
31.014982,0.116974,25.622999,475.948761,1.955877
38.699341,0.107962,14.136618,154.946411,2.109475
31.014982,0.069036,25.622999,475.948761,1.955877
23.981506,0.018501,46.680084,1627.937622,1.927812
38.699341,0.107989,14.136618,154.946411,2.109475
31.014982,0.068523,25.622999,475.948761,1.955877
23.981506,0.018833,46.680084,1627.937622,1.927812
38.699341,0.108014,14.136618,154.946411,2.109475
29.948057,0.066829,25.622999,475.948761,1.955887
23.981506,0.019164,46.680084,1627.937622,1.927812
29.948057,0.066324,25.622999,475.948761,1.955887
38.699341,0.108038,14.136618,154.946411,2.109475
23.981506,0.019496,46.680084,1627.937622,1.927812
29.948057,0.065818,25.622999,475.948761,1.955887
7.960682,0.049015,14.136618,154.946411,1.692595
29.948057,0.065311,19.054976,406.527771,1.955887
24.383955,0.019993,46.680084,1627.937622,1.930485
7.960682,0.049025,14.136618,154.946411,1.692595
29.398098,0.010549,21.651159,391.315979,1.955621
29.398098,0.010010,21.651159,391.315979,1.955621
24.383955,0.020327,46.680084,1627.937622,1.930485
7.960682,0.048338,43.714199,154.946411,1.692595
29.398098,0.009470,21.651159,391.315979,1.955621
29.398098,0.008931,21.651159,391.315979,1.955621
24.383955,0.020660,46.680084,1627.937622,1.930485
7.960682,0.048349,43.714199,154.946411,1.692595
29.398098,0.008391,21.651159,391.315979,1.955621
23.324078,0.020532,46.680084,1627.937622,1.923682
29.398098,0.007851,21.651159,391.315979,1.955621
7.960682,0.048359,43.714199,154.946411,1.692595
29.398098,0.007311,25.666361,377.332458,1.955621
23.324078,0.021419,46.680084,1627.937622,1.923682
26.296923,0.006404,25.666361,377.332458,1.943555
7.960682,0.048369,43.714199,154.946411,1.692595
26.296923,0.005894,25.666361,377.332458,1.943555
23.324078,0.021758,46.680084,1627.937622,1.923682
26.296923,0.005383,25.666361,377.332458,1.943555
7.960682,0.048379,43.714199,155.275696,1.692595
26.296923,0.004872,18.987703,335.266571,1.943555
24.272579,0.022542,46.680084,1627.937622,1.929702
76.662064,0.093649,43.714199,155.275696,2.334619
26.296923,0.004361,18.987703,335.266571,1.943555
24.347332,0.000000,21.613926,326.373657,1.930244
76.662064,0.093669,43.714199,155.275696,2.334619
24.272579,0.022887,46.680084,1627.937622,1.929702
24.347332,0.000000,21.613926,326.373657,1.930244
24.347332,0.000000,21.613926,326.373657,1.930244
76.662064,0.093689,43.714199,155.275696,2.334619
24.347332,0.000000,21.613926,326.373657,1.930244
24.272579,0.023232,46.680084,1627.937622,1.929702
76.662064,0.093707,43.714199,155.275696,2.334619
24.347332,0.000000,21.613926,326.373657,1.930244
24.347332,0.000000,21.613926,326.373657,1.930244
24.272579,0.023577,46.680084,1627.937622,1.929702
35.030544,0.064831,43.714199,155.275696,2.054945
24.347332,0.000000,19.064453,306.318665,1.930244
19.464794,0.000000,19.064453,306.318665,1.907317
35.030544,0.064843,43.714199,155.275696,2.054945
24.272579,0.023922,46.680084,1627.937622,1.929702
19.464794,0.000000,19.064453,306.318665,1.907317
19.464794,0.000000,19.064453,306.318665,1.907317
79.286255,0.149848,43.714199,155.275696,2.282717
19.464794,0.000000,12.975000,281.853455,1.907317
27.117870,0.025649,46.680084,1627.937622,1.948491
19.464794,0.000000,12.975000,281.853455,1.907317
17.302483,0.000000,19.073200,286.595123,1.900660
79.286255,0.149862,43.714199,155.275696,2.282717
17.302483,0.000000,19.073200,286.595123,1.900660
17.302483,0.000000,19.073200,286.595123,1.900660
17.302483,0.000000,19.073200,286.595123,1.900660
17.302483,0.000000,19.073200,286.595123,1.900660
17.302483,0.000000,19.073200,286.595123,1.900660
79.286255,0.149875,40.929432,155.275696,2.282717
15.054547,0.000000,22.658907,294.751465,1.881031
15.054547,0.000000,22.658907,294.751465,1.881031
15.054547,0.000000,22.658907,294.751465,1.881031
15.054547,0.000000,22.658907,294.751465,1.881031
15.054547,0.000000,22.658907,294.751465,1.881031
15.054547,0.000000,22.658907,294.751465,1.881031
15.054547,0.000000,27.628405,318.298737,1.881031
15.054547,0.000000,27.628405,318.298737,1.881031
79.286255,0.149887,40.929432,155.275696,2.282717
11.029040,0.000000,27.628405,318.298737,1.772085
11.029040,0.065474,27.628405,318.298737,1.772085
79.286255,0.193102,40.929432,155.275696,2.282717
11.029040,0.065217,27.628405,318.298737,1.772085
79.286255,0.193114,40.929432,155.275696,2.282717
11.029040,0.064960,23.117905,304.476318,1.772085
82.562546,0.195906,40.929432,155.275696,2.261403
11.029040,0.035286,23.117905,304.476318,1.772085
82.562546,0.195914,40.929432,155.275696,2.261403
11.029040,0.035005,23.117905,304.476318,1.772085
82.562546,0.195919,64.544434,155.275696,2.261403
11.029040,0.034723,55.631996,337.535187,1.772085
82.562546,0.195922,64.544434,155.275696,2.261403
11.029040,0.034442,55.631996,337.535187,1.772085
4.460967,0.021725,55.631996,337.535187,1.452630
82.562546,0.195923,64.544434,155.275696,2.261403
4.460967,0.021545,55.631996,337.535187,1.452630
80.591904,0.159126,64.544434,155.275696,2.231232
4.460967,0.021365,46.010193,323.142426,1.452630
80.591904,0.159123,64.544434,1721.197754,2.231232
12.005840,0.006092,43.714199,1650.949463,1.804386
4.460967,0.025805,46.010193,323.142426,1.452630
80.591904,0.159119,64.544434,1721.197754,2.231232
12.005840,0.006532,43.714199,1650.949463,1.804386
4.460967,0.025640,46.010193,323.142426,1.452630
80.591904,0.159114,64.544434,1721.197754,2.231232
12.005840,0.006972,43.714199,1650.949463,1.804386
4.460967,0.025474,46.010193,323.142426,1.452630
80.591904,0.159108,64.544434,1721.197754,2.231232
12.005840,0.007412,43.714199,1650.949463,1.804386
4.460967,0.025308,46.010193,323.142426,1.452630
26.378044,0.011638,43.714199,1650.949463,1.944036
80.591904,0.177062,64.544434,1721.197754,2.231232
26.378044,0.012622,43.714199,1650.949463,1.944036
4.460967,0.025142,39.802948,365.664612,1.452630
76.179520,0.173417,64.544434,1721.197754,2.331405
36.721207,0.015803,58.997086,1650.949463,2.064025
76.179520,0.173407,64.544434,1721.197754,2.331405
0.424029,0.011360,28.278259,347.344177,0.874476
36.721207,0.016714,58.997086,1721.197754,2.064025
76.179520,0.173396,64.544434,1721.197754,2.331405
36.721207,0.017625,58.997086,1721.197754,2.064025
0.424029,0.011300,28.278259,347.344177,0.874476
76.179520,0.173383,64.544434,1721.197754,2.331405
36.721207,0.018536,58.997086,1721.197754,2.064025
0.424029,0.011239,28.278259,347.344177,0.874476
36.721207,0.019446,58.997086,1721.197754,2.064025
9.948664,0.054604,28.278259,347.344177,1.729420
36.721207,0.020356,40.929432,1721.197754,2.064025
36.721207,0.021266,40.929432,1721.197754,2.064025
9.948664,0.054309,28.278259,347.344177,1.729420
57.127499,0.045173,71.993622,1846.489990,2.469100
36.721207,0.022175,40.929432,1721.197754,2.064025
9.948664,0.054013,23.647610,328.013855,1.729420
36.721207,0.023085,40.929432,1721.197754,2.064025
38.216339,0.037442,68.560318,1846.489990,2.109715
36.721207,0.023994,40.929432,1721.197754,2.064025
9.948664,0.054033,23.647610,328.013855,1.729420
38.216339,0.037814,68.560318,1846.489990,2.109715
36.721207,0.024902,40.929432,1721.197754,2.064025
9.948664,0.053719,23.647610,328.013855,1.729420
43.444862,0.028068,40.929432,1721.197754,2.201341
38.216339,0.038186,68.560318,1846.489990,2.109715
57.516243,0.033322,64.544434,1721.197754,2.464916
9.948664,0.053405,23.647610,328.013855,1.729420
38.216339,0.038557,68.560318,1846.489990,2.109715
57.516243,0.023771,64.544434,1721.197754,2.464916
9.948664,0.040388,23.647610,328.013855,1.729420
60.365669,0.025446,64.544434,1721.197754,2.467747
32.109829,0.035684,68.560318,1846.489990,1.958657
11.478958,0.043002,18.193281,309.293152,1.788654
60.365669,0.026578,64.544434,1721.197754,2.467747
32.109829,0.036023,68.560318,1805.221069,1.958657
60.365669,0.027710,64.544434,1721.197754,2.467747
13.320065,0.045912,28.446651,353.569946,1.846091
60.365669,0.028841,64.544434,1721.197754,2.467747
32.109829,0.036362,68.560318,1805.221069,1.958657
13.320065,0.045501,28.446651,353.569946,1.846091
60.365669,0.029972,64.544434,1721.197754,2.467747
32.109829,0.036700,68.560318,1805.221069,1.958657
60.365669,0.031103,64.544434,1721.197754,2.467747
13.320065,0.045089,28.446651,353.569946,1.846091
60.365669,0.032233,167.127518,1721.197754,2.467747
32.109829,0.037038,68.560318,1805.221069,1.958657
14.899529,0.047251,24.154709,338.148315,1.878488
60.365669,0.033363,167.127518,1721.197754,2.467747
27.829390,0.034795,68.560318,1805.221069,1.951887
14.899529,0.046815,24.154709,338.148315,1.878488
60.365669,0.034492,167.127518,1721.197754,2.467747
68.878983,0.037771,167.127518,1721.197754,2.461166
14.899529,0.037886,24.154709,338.148315,1.878488
27.829390,0.037391,68.560318,1805.221069,1.951887
68.878983,0.034651,167.127518,1721.197754,2.461166
14.899529,0.037504,24.154709,338.148315,1.878488
27.829390,0.037704,68.560318,1805.221069,1.951887
68.878983,0.035813,167.127518,1721.197754,2.461166
14.899529,0.037122,24.154709,338.148315,1.878488
68.878983,0.036976,167.127518,1721.197754,2.461166
27.829390,0.038017,68.560318,1805.221069,1.951887
14.899529,0.036739,24.154709,338.148315,1.878488
68.878983,0.038138,167.127518,1587.177979,2.461166
24.676445,0.036093,68.560318,1805.221069,1.932508
68.878983,0.039299,167.127518,1587.177979,2.461166
18.245003,0.040231,37.092999,386.729126,1.904067
68.878983,0.040460,167.127518,1587.177979,2.461166
24.676445,0.036387,68.560318,1805.221069,1.932508
18.245003,0.039807,37.092999,386.729126,1.904067
68.878983,0.041621,167.127518,1587.177979,2.461166
24.676445,0.036680,68.560318,1876.899780,1.932508
18.245003,0.039382,37.092999,386.729126,1.904067
76.089462,0.044533,167.127518,1587.177979,2.334383
18.245003,0.038957,37.092999,386.729126,1.904067
76.089462,0.045740,167.127518,1587.177979,2.334383
24.676445,0.036973,68.560318,1876.899780,1.932508
76.089462,0.046947,167.127518,1587.177979,2.334383
18.245003,0.038531,37.092999,386.729126,1.904067
24.676445,0.037266,68.560318,1876.899780,1.932508
76.089462,0.078509,167.127518,1587.177979,2.334383
18.245003,0.038105,34.836334,392.630981,1.904067
76.089462,0.079663,167.127518,1587.177979,2.334383
22.276051,0.035684,68.560318,1876.899780,1.917923
76.089462,0.080816,167.127518,1587.177979,2.334383
18.245003,0.037679,34.836334,392.630981,1.904067
76.089462,0.081969,167.127518,1587.177979,2.334383
22.276051,0.035961,68.560318,1876.899780,1.917923
84.169266,0.086181,46.282413,1788.777100,2.275331
18.245003,0.079763,34.836334,392.630981,1.904067
84.169266,0.087374,46.282413,1788.777100,2.275331
22.276051,0.036238,68.560318,1876.899780,1.917923
28.521391,0.099217,34.836334,392.630981,1.954005
84.169266,0.088566,46.282413,1788.777100,2.275331
84.169266,0.089139,46.282413,1788.777100,2.275331
22.276051,0.036514,68.560318,1876.899780,1.917923
84.169266,0.090157,46.282413,1788.777100,2.275331
28.521391,0.098706,34.836334,392.630981,1.954005
79.851242,0.089524,46.282413,1788.777100,2.229952
20.390095,0.035198,68.560318,1876.899780,1.910107
79.851242,0.090522,46.282413,1788.777100,2.229952
28.521391,0.098193,34.520134,411.935181,1.954005
79.851242,0.091519,46.282413,1788.777100,2.229952
20.390095,0.035461,68.560318,1876.899780,1.910107
79.851242,0.092516,46.282413,1788.777100,2.229952
28.521391,0.097680,34.520134,411.935181,1.954005
79.851242,0.093511,46.282413,1788.777100,2.229952
20.390095,0.035724,68.560318,1876.899780,1.910107
83.863739,0.123456,46.282413,1788.777100,2.272986
28.521391,0.097165,34.520134,411.935181,1.954005
83.863739,0.124471,46.282413,1946.973145,2.272986
83.863739,0.125485,46.282413,1946.973145,2.272986
20.390095,0.035987,68.560318,1744.288086,1.910107
83.863739,0.126498,46.282413,1946.973145,2.272986
83.863739,0.127510,46.282413,1946.973145,2.272986
28.521391,0.096649,55.797180,491.909302,1.954005
83.863739,0.128520,46.282413,1946.973145,2.272986
86.554428,0.161522,46.282413,1946.973145,2.389192
20.390095,0.036249,68.560318,1744.288086,1.910107
86.554428,0.162603,46.282413,1946.973145,2.389192
86.554428,0.163682,46.282413,1946.973145,2.389192
86.554428,0.164760,46.282413,1946.973145,2.389192
86.554428,0.165836,46.282413,1946.973145,2.389192
87.621765,0.167560,46.282413,1946.973145,2.434175
90.058304,0.170064,54.777401,1779.727905,2.501801
38.118855,0.111130,55.685303,518.913757,2.109385
90.058304,0.171148,54.777401,1779.727905,2.501801
90.058304,0.172230,54.777401,1779.727905,2.501801
90.058304,0.173311,54.777401,1706.407715,2.501801
90.058304,0.152715,54.777401,1706.407715,2.501801
18.929792,0.035179,68.560318,1744.288086,1.905956
92.569008,0.155031,54.777401,1706.407715,2.530807
92.569008,0.156108,54.777401,1706.407715,2.530807
38.118855,0.110532,55.685303,518.913757,2.109385
92.569008,0.157183,54.777401,1706.407715,2.530807
18.929792,0.035430,68.560318,1744.288086,1.905956
92.569008,0.158257,54.777401,1706.407715,2.530807
92.569008,0.159329,42.608826,1698.034424,2.530807
38.118855,0.109933,55.685303,518.913757,2.109385
92.569008,0.160399,42.608826,1698.034424,2.530807
95.360443,0.162815,42.608826,1698.034424,2.551162
18.929792,0.035681,68.560318,1744.288086,1.905956
95.360443,0.163891,42.608826,1698.034424,2.551162
38.118855,0.000000,55.685303,518.913757,2.109385
38.118855,0.000000,55.685303,518.913757,2.109385
95.360443,0.064903,42.608826,1698.034424,2.551162
18.929792,0.038649,68.560318,1744.288086,1.905956
38.118855,0.000000,55.685303,518.913757,2.109385
95.360443,0.066146,42.608826,1698.034424,2.551162
38.118855,0.000000,55.685303,518.913757,2.109385
18.929792,0.038884,68.560318,1744.288086,1.905956
38.118855,0.000000,55.685303,518.913757,2.109385
96.203308,0.067549,42.608826,1698.034424,2.558024
37.829781,0.000000,52.907799,670.571472,2.100709
17.836699,0.037972,68.560318,1744.288086,1.902670
37.829781,0.000000,77.768188,670.571472,2.100709
96.203308,0.068793,36.958981,1730.556152,2.558024
37.829781,0.034766,77.768188,670.571472,2.100709
37.829781,0.239507,52.907799,670.571472,2.100709
17.836699,0.038199,68.560318,1744.288086,1.902670
96.203308,0.070036,36.958981,1730.556152,2.558024
37.829781,0.034742,77.768188,670.571472,2.100709
37.829781,0.238884,52.907799,670.571472,2.100709
96.203308,0.071279,36.958981,1730.556152,2.558024
37.829781,0.034717,77.768188,670.571472,2.100709
17.836699,0.038426,68.560318,1744.288086,1.902670
38.938049,0.241719,52.907799,541.670105,2.129886
37.829781,0.034693,77.768188,670.571472,2.100709
96.203308,0.072521,36.958981,1730.556152,2.558024
38.938049,0.289139,52.907799,541.670105,2.129886
37.829781,0.043376,77.768188,670.571472,2.100709
17.836699,0.038652,68.560318,1744.288086,1.902670
38.938049,0.288245,52.907799,541.670105,2.129886
99.793350,0.074466,36.958981,1730.556152,2.592860
37.829781,0.043345,77.768188,670.571472,2.100709
37.522991,0.043139,77.768188,926.743958,2.090981
16.507551,0.037401,68.560318,1828.101318,1.895704
39.754444,0.290337,43.327709,561.572632,2.145428
98.578171,0.075483,36.958981,1730.556152,2.579775
37.522991,0.043108,77.768188,926.743958,2.090981
39.754444,0.289426,43.327709,561.572632,2.145428
37.522991,0.043076,77.768188,926.743958,2.090981
16.507551,0.037618,68.560318,1828.101318,1.895704
98.578171,0.076730,36.958981,1730.556152,2.579775
37.522991,0.043044,62.092464,926.743958,2.090981
39.754444,0.288512,43.327709,561.572632,2.145428
98.578171,0.077976,36.958981,1730.556152,2.579775
37.522991,0.043011,62.092464,926.743958,2.090981
16.507551,0.037834,68.560318,1828.101318,1.895704
40.876446,0.291614,27.499893,450.990051,2.160517
37.522991,0.043289,62.092464,926.743958,2.090981
36.406380,0.042612,62.092464,1199.448242,2.053233
98.578171,0.079222,36.958981,1730.556152,2.579775
40.876446,0.290681,27.499893,450.990051,2.160517
36.406380,0.042583,62.092464,1199.448242,2.053233
16.507551,0.038050,68.560318,1828.101318,1.895704
36.406380,0.042554,62.092464,1199.448242,2.053233
98.578171,0.080466,36.958981,1730.556152,2.579775
40.876446,0.289744,27.499893,450.990051,2.160517
36.406380,0.042525,62.092464,1199.448242,2.053233
36.406380,0.042495,62.092464,1199.448242,2.053233
16.507551,0.038266,68.560318,1828.101318,1.895704
36.406380,0.047525,62.092464,1199.448242,2.053233
40.876446,0.288803,27.499893,450.990051,2.160517
98.578171,0.081710,36.958981,1730.556152,2.579775
36.067505,0.047267,62.092464,1618.018066,2.041200
36.067505,0.047230,62.711525,1764.947876,2.041200
41.690929,0.283642,22.016054,446.533051,2.169775
15.324189,0.037076,68.560318,1828.101318,1.883927
36.067505,0.047192,62.711525,1764.947876,2.041200
99.769249,0.069876,34.601643,1739.724365,2.592963
36.067505,0.047154,62.711525,1764.947876,2.041200
41.690929,0.282733,22.016054,446.533051,2.169775
36.067505,0.047115,62.711525,1764.947876,2.041200
36.067505,0.047076,62.711525,1764.947876,2.041200
15.324189,0.037283,68.560318,1828.101318,1.883927
99.769249,0.071032,34.601643,1739.724365,2.592963
34.943745,0.046298,62.711525,1764.947876,2.005108
41.690929,0.281821,22.016054,446.533051,2.169775
34.943745,0.046259,62.711525,2095.064453,2.005108
34.943745,0.051321,62.711525,2095.064453,2.005108
34.943745,0.051274,62.711525,2095.064453,2.005108
34.943745,0.051227,62.711525,2095.064453,2.005108
33.830750,0.050358,62.711525,2095.064453,1.977962
33.830750,0.050310,62.711525,2095.064453,1.977962
42.829556,0.284699,21.406681,355.281250,2.186556
33.830750,0.050261,62.711525,2095.064453,1.977962
99.769249,0.072187,34.601643,1739.724365,2.592963
33.830750,0.050212,62.711525,2095.064453,1.977962
33.830750,0.050163,62.711525,2305.423584,1.977962
32.717709,0.049281,62.711525,2305.423584,1.962442
15.324189,0.037489,68.560318,1828.101318,1.883927
32.717709,0.049231,62.322121,2305.423584,1.962442
32.717709,0.049181,62.322121,2305.423584,1.962442
32.717709,0.048000,62.322121,2305.423584,1.962442
42.829556,0.283768,21.406681,355.281250,2.186556
32.717709,0.047948,62.322121,2305.423584,1.962442
103.490700,0.073996,34.601643,1739.724365,2.639091
31.604315,0.047074,62.322121,2305.423584,1.956546
15.324189,0.037695,68.560318,1828.101318,1.883927
31.604315,0.047022,62.322121,2305.423584,1.956546
42.829556,0.282834,21.406681,355.281250,2.186556
31.604315,0.046970,62.322121,3057.823486,1.956546
103.490700,0.075160,34.601643,1739.724365,2.639091
31.604315,0.046916,57.290180,3057.823486,1.956546
31.922955,0.043629,195.385193,1015.499878,1.957548
31.922955,0.009565,195.385193,1015.499878,1.957548
42.829556,0.281898,21.406681,355.281250,2.186556
31.604315,0.046863,57.290180,3057.823486,1.956546
31.922955,0.043695,195.385193,1015.499878,1.957548
31.922955,0.043760,195.385193,1015.499878,1.957548
15.324189,0.037901,60.084774,1828.101318,1.883927
31.192661,0.043836,57.290180,3057.823486,1.956033
31.192661,0.043790,57.290180,3057.823486,1.956033
24.984230,0.038770,195.385193,1015.499878,1.934575
31.192661,0.043743,57.290180,3057.823486,1.956033
24.984230,0.038827,99.894699,897.240356,1.934575
103.490700,0.076324,34.601643,1739.724365,2.639091
42.829556,0.280958,21.406681,355.281250,2.186556
31.922955,0.058274,195.385193,1015.499878,1.957548
31.192661,0.043695,57.290180,3057.823486,1.956033
25.597721,0.039357,99.894699,897.240356,1.938574
31.192661,0.043647,57.290180,3057.823486,1.956033
31.192661,0.043599,57.290180,3057.823486,1.956033
25.597721,0.039413,99.894699,897.240356,1.938574
30.060539,0.042753,164.121307,3057.823486,1.955906
25.597721,0.039469,99.894699,897.240356,1.938574
30.060539,0.042704,164.121307,3057.823486,1.955906
26.721069,0.040383,99.894699,897.240356,1.946240
43.638718,0.282633,18.686769,339.215088,2.204662
30.060539,0.042655,164.121307,3057.823486,1.955906
14.402580,0.036942,60.084774,1828.101318,1.869542
30.060539,0.042606,164.121307,3057.823486,1.955906
26.721069,0.040439,99.894699,897.240356,1.946240
100.387444,0.076920,34.601643,1739.724365,2.598510
30.060539,0.042556,164.121307,3057.823486,1.955906
26.721069,0.040495,99.894699,897.240356,1.946240
26.721069,0.041380,164.121307,1503.461792,1.946240
28.945704,0.041711,164.121307,1503.461792,1.955156
26.721069,0.041437,164.121307,1503.461792,1.946240
26.721069,0.041494,164.121307,1503.461792,1.946240
27.832247,0.042405,164.121307,1503.461792,1.951948
27.832247,0.042461,164.121307,1503.461792,1.951948
27.832247,0.042517,164.121307,1503.461792,1.951948
27.832247,0.042573,164.121307,1503.461792,1.951948
27.832247,0.042628,164.121307,1503.461792,1.951948
28.945704,0.043528,164.121307,1503.461792,1.955156
28.945704,0.043583,164.121307,1503.461792,1.955156
28.945704,0.043638,164.121307,1503.461792,1.955156
28.945704,0.043693,164.121307,1503.461792,1.955156
31.922955,0.057626,195.385193,1015.499878,1.957548
44.789337,0.285342,21.724878,245.980713,2.241266
100.387444,0.078074,34.601643,1739.724365,2.598510
14.402580,0.037141,60.084774,1828.101318,1.869542
44.789337,0.284372,21.724878,245.980713,2.241266
31.922955,0.056979,195.385193,1015.499878,1.957548
100.387444,0.079226,34.601643,1739.724365,2.598510
44.789337,0.283398,21.724878,245.980713,2.241266
14.402580,0.037339,60.084774,1828.101318,1.869542
44.789337,0.282421,21.724878,245.980713,2.241266
100.387444,0.080378,34.601643,1739.724365,2.598510
31.922955,0.056330,195.385193,1015.499878,1.957548
44.789337,0.281442,21.724878,245.980713,2.241266
14.402580,0.037536,60.084774,1828.101318,1.869542
44.789337,0.280459,21.724878,245.980713,2.241266
31.922955,0.055681,195.385193,1015.499878,1.957548
14.402580,0.037734,60.084774,1828.101318,1.869542
45.597923,0.281964,27.322477,216.746445,2.273489
46.761009,0.288741,15.502659,123.141418,2.324539
14.402580,0.040849,60.084774,1828.101318,1.869542
32.438370,0.055474,195.385193,1015.499878,1.960268
46.761009,0.287674,15.502659,123.141418,2.324539
46.761009,0.286604,15.502659,123.141418,2.324539
14.402580,0.041057,60.084774,1828.101318,1.869542
46.761009,0.285530,15.502659,123.141418,2.324539
32.002216,0.054449,195.385193,1015.499878,1.957816
46.761009,0.284453,15.502659,123.141418,2.324539
14.402580,0.041263,60.084774,1828.101318,1.869542
46.940056,0.283909,28.387882,96.763519,2.346419
32.002216,0.053798,195.385193,1015.499878,1.957816
46.940056,0.282823,28.387882,96.763519,2.346419
20.186852,0.049095,60.084774,1828.101318,1.909433
46.940056,0.281735,28.387882,96.763519,2.346419
46.940056,0.280643,28.387882,96.763519,2.346419
20.186852,0.049339,60.084774,1828.101318,1.909433
32.002216,0.045680,195.385193,1015.499878,1.957816
46.940056,0.279548,28.387882,96.763519,2.346419
49.472797,0.285753,25.801296,80.499451,2.430202
19.080238,0.048204,60.084774,1828.101318,1.906448
51.175484,0.289376,13.715594,64.921631,2.469129
32.002216,0.045063,195.385193,1015.499878,1.957816
51.175484,0.288224,13.715594,64.921631,2.469129
19.080238,0.048439,60.084774,1828.101318,1.906448
51.175484,0.287068,13.715594,64.921631,2.469129
51.175484,0.285909,13.715594,64.921631,2.469129
32.002216,0.044444,195.385193,1015.499878,1.957816
51.175484,0.284746,13.715594,64.921631,2.469129
19.080238,0.048674,60.084774,1828.101318,1.906448
51.175484,0.281373,13.715594,64.921631,2.469129
48.780434,0.273649,37.064159,79.306602,2.405354
19.080238,0.048909,60.084774,1828.101318,1.906448
32.002216,0.043826,195.385193,1015.499878,1.957816
48.780434,0.272456,37.064159,79.306602,2.405354
48.780434,0.271259,37.064159,79.306602,2.405354
48.780434,0.270059,37.064159,79.306602,2.405354
19.080238,0.049143,60.084774,1828.101318,1.906448
48.780434,0.268855,37.064159,79.306602,2.405354
32.002216,0.043207,195.385193,1015.499878,1.957816
52.588360,0.277666,35.297726,106.402008,2.488272
52.588360,0.276411,35.297726,106.402008,2.488272
19.080238,0.049376,60.084774,1828.101318,1.906448
52.588360,0.275153,35.297726,106.402008,2.488272
52.588360,0.273891,35.297726,106.402008,2.488272
52.588360,0.272626,35.297726,106.402008,2.488272
32.485958,0.042908,176.255020,719.920654,1.960596
53.625896,0.273937,30.473314,120.108734,2.491504
19.080238,0.049609,60.084774,1828.101318,1.906448
53.625896,0.272948,30.473314,120.108734,2.491504
53.625896,0.271657,30.473314,120.108734,2.491504
53.625896,0.270364,30.473314,120.108734,2.491504
19.080238,0.049841,60.084774,1828.101318,1.906448
32.485958,0.044243,176.255020,719.920654,1.960596
53.625896,0.269067,30.473314,120.108734,2.491504
50.283905,0.259514,27.595316,129.507492,2.448310
50.283905,0.258251,27.595316,129.507492,2.448310
26.412651,0.058913,60.084774,1828.101318,1.944227
50.283905,0.256985,27.595316,129.507492,2.448310
32.485958,0.043558,176.255020,719.920654,1.960596
50.283905,0.255715,27.595316,129.507492,2.448310
50.283905,0.254443,27.595316,129.507492,2.448310
26.412651,0.059185,60.084774,1828.101318,1.944227
50.283905,0.253167,27.595316,129.507492,2.448310
45.579086,0.239982,17.482334,140.897690,2.276071
58.933662,0.270453,15.976409,159.090149,2.459504
32.973679,0.043194,142.066956,532.292847,1.964995
26.412651,0.059455,60.084774,1744.610352,1.944227
58.933662,0.269067,15.976409,159.090149,2.459504
58.933662,0.267678,15.976409,159.090149,2.459504
58.933662,0.266285,15.976409,159.090149,2.459504
26.412651,0.052918,60.084774,1744.610352,1.944227
57.008644,0.260780,12.037369,170.001526,2.471924
57.008644,0.259403,12.037369,170.001526,2.471924
32.973679,0.042503,82.691116,453.178894,1.964995
57.008644,0.237109,12.037369,170.001526,2.471924
57.008644,0.235836,12.037369,170.001526,2.471924
26.412651,0.053148,60.084774,1744.610352,1.944227
57.008644,0.234560,12.037369,170.001526,2.471924
52.068096,0.223336,11.085483,189.026367,2.478252
52.068096,0.222110,11.085483,189.026367,2.478252
52.068096,0.220881,11.085483,189.026367,2.478252
26.412651,0.053377,60.084774,1744.610352,1.944227
52.068096,0.219649,11.085483,189.026367,2.478252
52.068096,0.218415,11.085483,189.026367,2.478252
32.973679,0.041812,82.691116,453.178894,1.964995
52.068096,0.217179,11.085483,189.026367,2.478252
52.068096,0.215940,9.061609,173.192535,2.478252
65.362091,0.238780,9.061609,173.192535,2.498462
26.412651,0.053606,60.084774,1744.610352,1.944227
65.362091,0.237397,9.061609,173.192535,2.498462
0.457836,0.000000,34.601643,1739.724365,0.757711
0.457836,0.000000,34.601643,1739.724365,0.757711
0.457836,0.000000,34.601643,1739.724365,0.757711
65.362091,0.242580,9.061609,173.192535,2.498462
15.121805,0.000000,36.958981,1730.556152,1.877372
15.121805,0.000000,36.958981,1730.556152,1.877372
15.121805,0.000000,36.958981,1730.556152,1.877372
15.121805,0.000000,36.958981,1730.556152,1.877372
15.121805,0.000000,36.958981,1730.556152,1.877372
65.362091,0.241304,9.061609,173.192535,2.498462
15.121805,0.000000,36.958981,1730.556152,1.877372
26.412651,0.053834,60.084774,1744.610352,1.944227
32.973679,0.041121,82.691116,453.178894,1.964995
29.403913,0.000000,42.608826,1698.034424,1.954459
66.581261,0.241975,8.504026,181.376160,2.490484
29.403913,0.000000,42.608826,1698.034424,1.954459
29.403913,0.000000,42.608826,1698.034424,1.954459
66.581261,0.240684,6.590263,199.049347,2.490484
23.426674,0.000000,42.608826,1698.034424,1.924644
23.426674,0.000000,42.608826,1698.034424,1.924644
28.707729,0.056361,60.084774,1723.939941,1.954901
66.581261,0.239391,6.590263,199.049347,2.490484
35.115135,0.000000,54.777401,1706.407715,2.011483
35.115135,0.000000,54.777401,1706.407715,2.011483
66.581261,0.238095,6.590263,199.049347,2.490484
35.115135,0.000000,54.777401,1706.407715,2.011483
35.115135,0.000000,54.777401,1706.407715,2.011483
66.581261,0.236797,6.590263,199.049347,2.490484
44.843662,0.047130,72.812729,337.558655,2.243252
35.115135,0.000000,54.777401,1706.407715,2.011483
28.707729,0.056598,60.084774,1723.939941,1.954901
44.311913,0.000000,54.777401,1779.727905,2.225365
44.311913,0.000000,54.777401,1779.727905,2.225365
66.581261,0.235496,6.590263,199.049347,2.490484
44.311913,0.000000,54.777401,1779.727905,2.225365
66.581261,0.234193,7.462412,204.897644,2.490484
44.311913,0.000000,54.777401,1779.727905,2.225365
28.707729,0.056834,60.084774,1723.939941,1.954901
66.581261,0.232888,7.462412,204.897644,2.490484
44.311913,0.000000,54.777401,1779.727905,2.225365
66.581261,0.231580,7.462412,204.897644,2.490484
44.843662,0.046323,72.812729,337.558655,2.243252
50.910904,0.000000,54.777401,1779.727905,2.466061
70.384819,0.237150,7.462412,204.897644,2.443257
28.707729,0.057069,60.084774,1723.939941,1.954901
70.384819,0.235707,7.462412,204.897644,2.443257
50.910904,0.000000,54.777401,1779.727905,2.466061
70.384819,0.234262,7.462412,204.897644,2.443257
72.385071,0.235499,8.125681,211.526611,2.418035
50.910904,0.000000,54.777401,1779.727905,2.466061
28.707729,0.057304,60.084774,1723.939941,1.954901
72.385071,0.234032,8.125681,211.526611,2.418035
50.910904,0.000000,54.777401,1779.727905,2.466061
72.385071,0.232562,8.125681,211.526611,2.418035
44.843662,0.045516,72.812729,337.558655,2.243252
72.385071,0.231090,8.125681,211.526611,2.418035
50.910904,0.000000,54.777401,1779.727905,2.466061
28.707729,0.057539,60.084774,1723.939941,1.954901
72.385071,0.229615,8.125681,211.526611,2.418035
50.910904,0.000000,54.777401,1779.727905,2.466061
74.362785,0.230598,7.993305,213.358765,2.381652
74.362785,0.244466,7.993305,213.358765,2.381652
54.861412,0.000000,54.777401,1779.727905,2.487811
28.707729,0.061214,60.084774,1686.971924,1.954901
74.362785,0.242788,4.283322,229.835327,2.381652
44.843662,0.051663,75.197205,275.116272,2.243252
60.359440,0.000000,54.777401,1779.727905,2.467808
74.362785,0.241106,4.283322,229.835327,2.381652
74.362785,0.239422,4.283322,229.835327,2.381652
60.359440,0.000000,54.777401,1779.727905,2.467808
74.362785,0.237734,4.855474,233.187546,2.381652
28.707729,0.061461,60.084774,1686.971924,1.954901
60.359440,0.000000,54.777401,1779.727905,2.467808
17.966705,0.118315,4.855474,233.187546,1.904280
44.843662,0.050965,75.197205,275.116272,2.243252
17.966705,0.117466,4.855474,233.187546,1.904280
60.359440,0.000000,54.777401,1779.727905,2.467808
17.966705,0.116616,4.855474,233.187546,1.904280
28.707729,0.061706,60.084774,1686.971924,1.954901
60.359440,0.000000,61.533188,1779.727905,2.467808
17.966705,0.113072,4.855474,233.187546,1.904280
60.359440,0.092589,61.533188,1779.727905,2.467808
63.513977,0.000000,61.533188,1779.727905,2.497416
13.965212,0.098984,5.217026,236.350525,1.859844
44.843662,0.050268,75.197205,275.116272,2.243252
79.093231,0.227645,5.217026,236.350525,2.244546
28.707729,0.061951,60.084774,1686.971924,1.954901
63.513977,0.060781,61.533188,1779.727905,2.497416
79.093231,0.226008,5.217026,236.350525,2.244546
60.359440,0.146131,61.533188,1779.727905,2.467808
79.093231,0.224369,5.217026,236.350525,2.244546
14.248957,0.097128,5.217026,236.350525,2.010586
30.316864,0.063915,60.084774,1686.971924,1.955749
14.248957,0.094268,5.217026,236.350525,2.010586
63.513977,0.062849,61.533188,1779.727905,2.497416
44.843662,0.049570,75.197205,275.116272,2.243252
60.359440,0.145841,61.533188,1779.727905,2.467808
14.248957,0.093612,5.349687,239.317642,2.010586
14.248957,0.092955,5.349687,239.317642,2.010586
30.316864,0.064166,60.084774,1686.971924,1.955749
63.513977,0.064916,61.533188,1779.727905,2.497416
14.248957,0.092297,5.349687,239.317642,2.010586
69.071198,0.154520,61.533188,1779.727905,2.459253
45.354145,0.049146,84.999084,234.926117,2.263430
81.014679,0.211956,8.752576,259.119873,2.219071
81.014679,0.210430,8.752576,259.119873,2.219071
28.033070,0.061942,42.869812,1663.817261,1.952414
73.615845,0.071315,61.533188,1779.727905,2.396171
81.014679,0.208902,8.752576,259.119873,2.219071
69.071198,0.154209,61.533188,1779.727905,2.459253
82.957016,0.209083,9.883652,262.268799,2.244061
45.354145,0.048443,84.999084,234.926117,2.263430
82.957016,0.207538,9.883652,262.268799,2.244061
28.033070,0.062181,42.869812,1663.817261,1.952414
82.957016,0.176716,9.883652,262.268799,2.244061
73.615845,0.073515,61.533188,1872.068115,2.396171
82.957016,0.175458,9.883652,262.268799,2.244061
69.071198,0.153896,61.533188,1779.727905,2.459253
82.957016,0.174199,9.883652,262.268799,2.244061
82.957016,0.172938,9.883652,262.268799,2.244061
28.033070,0.062420,42.869812,1663.817261,1.952414
84.812943,0.172955,8.322151,262.968567,2.311619
45.354145,0.056466,62.333378,238.921448,2.263430
84.812943,0.171682,8.322151,262.968567,2.311619
73.615845,0.075713,61.533188,1872.068115,2.396171
69.071198,0.153581,61.533188,1779.727905,2.459253
84.812943,0.170407,8.322151,262.968567,2.311619
84.812943,0.169131,8.322151,262.968567,2.311619
84.812943,0.167854,8.322151,262.968567,2.311619
28.033070,0.062658,42.869812,1663.817261,1.952414
84.812943,0.166575,8.322151,262.968567,2.311619
73.615845,0.077910,61.533188,1872.068115,2.396171
86.162704,0.166148,6.307294,261.880554,2.372566
44.716793,0.055320,62.333378,238.921448,2.238672
69.071198,0.153265,61.533188,1779.727905,2.459253
86.162704,0.164860,6.307294,261.880554,2.372566
86.162704,0.186867,6.307294,261.880554,2.372566
28.033070,0.062896,42.869812,1245.939087,1.952414
86.162704,0.185319,6.307294,261.880554,2.372566
73.615845,0.080107,61.533188,1872.068115,2.396171
86.162704,0.183769,6.307294,261.880554,2.372566
69.071198,0.152947,61.533188,1779.727905,2.459253
44.716793,0.054569,62.333378,238.921448,2.238672
86.162704,0.182218,6.307294,261.880554,2.372566
28.033070,0.063132,25.201107,1132.239014,1.952414
88.134338,0.181964,7.204506,276.084045,2.452357
88.134338,0.180397,7.204506,276.084045,2.452357
87.061264,0.087394,61.533188,1872.068115,2.408433
81.979446,0.148375,61.533188,1779.727905,2.233089
88.134338,0.178829,7.204506,276.084045,2.452357
44.716793,0.053817,68.557770,212.492264,2.238672
88.134338,0.177259,7.204506,276.084045,2.452357
28.033070,0.063369,25.201107,1132.239014,1.952414
88.134338,0.175687,7.204506,276.084045,2.452357
87.061264,0.089724,61.533188,1872.068115,2.408433
81.979446,0.148015,61.533188,1779.727905,2.233089
89.483482,0.174929,3.233031,224.802063,2.489792
89.483482,0.173346,3.233031,224.802063,2.489792
28.033070,0.063604,25.201107,1132.239014,1.952414
44.716793,0.053065,68.557770,212.492264,2.238672
89.483482,0.173317,3.233031,224.802063,2.489792
87.061264,0.092053,61.533188,1872.068115,2.408433
81.979446,0.147652,61.533188,1779.727905,2.233089
89.483482,0.171905,3.233031,224.802063,2.489792
28.033070,0.063532,25.201107,1132.239014,1.952414
89.483482,0.170492,3.233031,224.802063,2.489792
87.061264,0.094381,61.533188,1872.068115,2.408433
44.716793,0.052312,68.557770,212.492264,2.238672
89.483482,0.169077,3.233031,224.802063,2.489792
81.979446,0.147288,61.533188,1872.068115,2.233089
31.190239,0.067268,25.201107,1132.239014,1.956106
89.483482,0.167661,3.233031,224.802063,2.489792
89.483482,0.166243,3.106804,211.850891,2.489792
87.061264,0.096708,61.533188,1872.068115,2.408433
81.979446,0.146923,61.533188,1872.068115,2.233089
31.190239,0.067521,25.201107,1132.239014,1.956106
91.236359,0.166146,3.106804,211.850891,2.518425
44.716793,0.058789,68.557770,212.492264,2.238672
91.236359,0.164715,4.562793,249.705353,2.518425
102.401123,0.103594,61.533188,1872.068115,2.624639
102.046677,0.156267,61.533188,1872.068115,2.621179
91.236359,0.163282,4.562793,249.705353,2.518425
27.925911,0.064129,15.677089,938.535828,1.952095
91.236359,0.161849,4.562793,249.705353,2.518425
45.199608,0.058118,69.238312,180.613968,2.256920
102.401123,0.106025,61.533188,1872.068115,2.624639
91.236359,0.160413,4.562793,249.705353,2.518425
102.046677,0.155874,61.533188,1872.068115,2.621179
27.925911,0.064367,15.677089,938.535828,1.952095
91.236359,0.158976,4.124658,251.234741,2.518425
102.401123,0.117083,61.533188,1872.068115,2.624639
91.236359,0.165409,4.124658,251.234741,2.518425
27.925911,0.064605,15.677089,938.535828,1.952095
102.046677,0.155479,61.533188,1872.068115,2.621179
45.199608,0.057133,69.238312,180.613968,2.256920
91.236359,0.163895,4.124658,251.234741,2.518425
102.401123,0.118914,61.533188,1872.068115,2.624639
92.955536,0.163258,4.124658,251.234741,2.533724
27.925911,0.064841,19.493000,787.359497,1.952095
102.046677,0.159754,61.533188,1872.068115,2.621179
102.401123,0.120744,51.992794,1872.068115,2.624639
92.955536,0.161732,4.124658,251.234741,2.533724
45.199608,0.056147,24.946751,135.452713,2.256920
92.955536,0.160205,4.124658,251.234741,2.533724
27.925911,0.065077,19.493000,787.359497,1.952095
102.046677,0.159393,61.533188,1872.068115,2.621179
102.401123,0.122573,51.992794,1872.068115,2.624639
92.955536,0.158676,4.124658,251.234741,2.533724
27.925911,0.052472,19.493000,787.359497,1.952095
94.139709,0.148470,3.507924,216.035583,2.542093
118.184158,0.128163,51.992794,1872.068115,2.746111
117.463753,0.163796,61.533188,1872.068115,2.747126
45.666351,0.055442,33.280403,169.129089,2.276348
94.139709,0.147101,3.507924,216.035583,2.542093
27.925911,0.052618,15.526862,685.985657,1.952095
118.184158,0.145379,51.992794,1872.068115,2.746111
94.139709,0.145730,3.507924,216.035583,2.542093
117.463753,0.163421,61.533188,1872.068115,2.747126
94.139709,0.144357,3.507924,216.035583,2.542093
27.925911,0.052763,15.526862,685.985657,1.952095
118.184158,0.147726,51.992794,1872.068115,2.746111
45.666351,0.054449,33.280403,169.129089,2.276348
94.139709,0.142984,3.507924,216.035583,2.542093
117.463753,0.191327,61.533188,1872.068115,2.747126
27.925911,0.052907,15.526862,685.985657,1.952095
94.139709,0.141609,3.507924,216.035583,2.542093
118.184158,0.150070,51.992794,1872.068115,2.746111
94.139709,0.143611,3.507924,216.035583,2.542093
117.463753,0.190907,61.533188,1872.068115,2.747126
95.574493,0.142637,0.634412,149.744904,2.552692
45.666351,0.053456,33.280403,169.129089,2.276348
118.184158,0.152413,51.992794,1872.068115,2.746111
95.574493,0.141063,0.634412,149.744904,2.552692
95.574493,0.139487,0.634412,149.744904,2.552692
117.463753,0.190485,61.533188,1872.068115,2.747126
110.639252,0.152809,51.992794,1872.068115,2.726321
95.574493,0.137911,0.634412,149.744904,2.552692
95.574493,0.136333,0.634412,149.744904,2.552692
45.398338,0.052310,33.280403,169.129089,2.265143
117.463753,0.190061,61.533188,1872.068115,2.747126
95.574493,0.134753,0.634412,149.744904,2.552692
110.639252,0.155119,51.992794,1872.068115,2.726321
97.797981,0.155438,0.140725,134.978653,2.572235
117.060913,0.189516,61.533188,1872.068115,2.747641
118.188133,0.159432,51.992794,1872.068115,2.745999
97.797981,0.153439,0.140725,134.978653,2.572235
45.398338,0.051319,41.665894,182.796082,2.265143
97.797981,0.151439,0.140725,134.978653,2.572235
118.188133,0.161768,51.992794,1560.858765,2.745999
117.060913,0.189088,61.533188,1872.068115,2.747641
97.797981,0.149437,0.140725,134.978653,2.572235
97.797981,0.147433,0.140725,134.978653,2.572235
118.188133,0.164102,25.928022,1560.858765,2.745999
45.398338,0.050327,41.665894,182.796082,2.265143
117.060913,0.188658,61.533188,1872.068115,2.747641
97.797981,0.106224,0.140725,134.978653,2.572235
99.347931,0.105436,16.713902,115.897217,2.588204
118.188133,0.166434,25.928022,1560.858765,2.745999
99.347931,0.104217,16.713902,115.897217,2.588204
117.060913,0.188226,51.992794,1872.068115,2.747641
99.347931,0.102998,16.713902,115.897217,2.588204
99.347931,0.124274,16.713902,115.897217,2.588204
45.398338,0.049334,41.665894,182.796082,2.265143
118.188133,0.168764,25.928022,1825.018188,2.745999
99.347931,0.122331,16.713902,115.897217,2.588204
117.060913,0.187792,51.992794,1872.068115,2.747641
99.347931,0.120387,16.713902,115.897217,2.588204
100.904495,0.118900,51.444534,96.024811,2.605971
118.188133,0.201839,25.928022,1825.018188,2.745999
45.398338,0.000000,41.665894,182.796082,2.265143
101.556038,0.117129,75.732941,119.003204,2.613852
116.673347,0.187242,51.992794,1543.495728,2.747905
101.556038,0.115170,75.732941,119.003204,2.613852
119.667404,0.204760,25.928022,1825.018188,2.740823
101.556038,0.106968,75.732941,119.003204,2.613852
45.398338,0.000000,26.316923,176.911057,2.265143
101.556038,0.105272,75.732941,119.003204,2.613852
118.207855,0.206786,29.646828,1629.761108,2.745911
116.673347,0.214744,51.992794,1543.495728,2.747905
101.556038,0.103574,75.732941,119.003204,2.613852
103.706505,0.102385,44.747482,94.462875,2.641550
118.207855,0.209252,29.646828,1629.761108,2.745911
103.706505,0.100677,44.747482,94.462875,2.641550
116.673347,0.214312,51.992794,1543.495728,2.747905
103.706505,0.098968,44.747482,94.462875,2.641550
45.398338,0.000000,26.316923,176.911057,2.265143
118.207855,0.211716,29.646828,1629.761108,2.745911
103.706505,0.097258,44.747482,94.462875,2.641550
103.706505,0.068466,44.747482,94.462875,2.641550
116.673347,0.213878,51.992794,1543.495728,2.747905
103.706505,0.108132,44.747482,94.462875,2.641550
118.207855,0.214177,29.646828,1629.761108,2.745911
105.639442,0.106677,40.111099,94.262222,2.667841
45.398338,0.000000,26.316923,176.911057,2.265143
118.207855,0.216636,29.646828,1629.761108,2.745911
114.831528,0.212807,47.180260,1268.379517,2.747352
105.639442,0.104763,40.111099,94.262222,2.667841
105.639442,0.102848,40.111099,94.262222,2.667841
118.207855,0.219092,29.646828,1629.761108,2.745911
114.831528,0.212369,47.180260,1268.379517,2.747352
106.871964,0.101192,57.009495,118.381622,2.684684
119.731262,0.222046,29.646828,1629.761108,2.740423
45.832146,0.000000,11.991898,171.966827,2.283507
106.871964,0.099270,57.009495,118.381622,2.684684
114.425430,0.199355,32.198109,970.164551,2.746203
106.871964,0.097347,57.009495,118.381622,2.684684
118.249443,0.224010,31.622997,1495.335815,2.745770
108.479767,0.095731,4.760710,107.423714,2.704644
114.425430,0.198985,32.198109,970.164551,2.746203
118.249443,0.226458,31.622997,1495.335815,2.745770
45.832146,0.000000,11.991898,171.966827,2.283507
108.479767,0.093799,4.760710,107.423714,2.704644
108.479767,0.091867,4.760710,107.423714,2.704644
114.425430,0.198613,32.198109,970.164551,2.746203
118.249443,0.228903,31.622997,1495.335815,2.745770
108.479767,0.089933,4.760710,107.423714,2.704644
45.832146,0.000000,11.991898,171.966827,2.283507
108.479767,0.087998,4.760710,107.423714,2.704644
118.249443,0.233402,31.622997,1495.335815,2.745770
114.425430,0.198240,32.198109,970.164551,2.746203
108.479767,0.086062,4.760710,107.423714,2.704644
118.249443,0.235819,31.622997,1495.335815,2.745770
109.815460,0.084342,12.991737,202.914871,2.719067
114.425430,0.197865,32.198109,970.164551,2.746203
45.832146,0.000000,11.991898,171.966827,2.283507
118.249443,0.238233,31.622997,1495.335815,2.745770
109.815460,0.082400,12.991737,202.914871,2.719067
114.425430,0.197488,32.198109,970.164551,2.746203
109.815460,0.080456,12.991737,202.914871,2.719067
119.767830,0.241186,31.622997,1495.335815,2.740290
111.240662,0.078720,3.036856,158.343033,2.731314
46.262810,0.000000,29.392948,244.761322,2.301918
114.025101,0.235498,20.897282,775.871155,2.745220
118.302162,0.243071,40.413227,1373.697754,2.745649
111.240662,0.076769,3.036856,158.343033,2.731314
111.240662,0.074818,3.036856,158.343033,2.731314
118.302162,0.245477,40.413227,1373.697754,2.745649
114.025101,0.235059,20.897282,775.871155,2.745220
111.240662,0.072865,24.064619,356.332275,2.731314
46.262810,0.021263,29.392948,244.761322,2.301918
118.302162,0.247879,40.413227,1373.697754,2.745649
111.240662,0.070912,24.064619,356.332275,2.731314
114.025101,0.234618,20.897282,775.871155,2.745220
114.078392,0.076577,24.064619,356.332275,2.745367
118.302162,0.250279,40.413227,1373.697754,2.745649
114.025101,0.234174,20.897282,775.871155,2.745220
114.078392,0.074686,24.064619,356.332275,2.745367
118.302162,0.252676,40.413227,1373.697754,2.745649
46.262810,0.020235,29.392948,244.761322,2.301918
112.139412,0.232965,18.832718,652.861084,2.737969
114.078392,0.072793,24.064619,356.332275,2.745367
118.302162,0.255069,40.413227,1373.697754,2.745649
114.078392,0.070900,24.064619,356.332275,2.745367
112.139412,0.232518,18.832718,652.861084,2.737969
116.747650,0.256843,42.724510,1135.114136,2.747864
115.476799,0.069166,138.115662,747.173767,2.747746
46.262810,0.019206,29.392948,244.761322,2.301918
111.766998,0.231914,17.781929,529.854919,2.734952
118.359955,0.259869,49.769062,927.289185,2.745511
115.476799,0.067267,98.489288,612.997742,2.747746
115.476799,0.065368,98.489288,612.997742,2.747746
118.359955,0.262254,49.769062,927.289185,2.745511
111.766998,0.231462,17.781929,529.854919,2.734952
46.660343,0.038465,47.526009,309.484589,2.319913
115.476799,0.063467,98.489288,612.997742,2.747746
118.359955,0.264635,49.769062,927.289185,2.745511
111.766998,0.231009,17.781929,529.854919,2.734952
115.476799,0.061566,98.489288,612.997742,2.747746
118.359955,0.267013,49.769062,927.289185,2.745511
111.766998,0.230552,17.781929,529.854919,2.734952
115.476799,0.059664,98.489288,612.997742,2.747746
118.359955,0.269388,49.769062,927.289185,2.745511
116.901215,0.057893,121.087738,703.731812,2.747761
46.660343,0.036986,47.526009,309.484589,2.319913
111.766998,0.230094,17.781929,529.854919,2.734952
118.359955,0.271760,49.769062,927.289185,2.745511
116.901215,0.055986,121.087738,703.731812,2.747761
111.766998,0.229633,17.781929,529.854919,2.734952
116.901215,0.273515,121.087738,703.731812,2.747761
116.901215,0.054078,121.087738,703.731812,2.747761
46.660343,0.050745,47.526009,309.484589,2.319913
116.901215,0.223281,121.087738,703.731812,2.747761
111.766998,0.239102,17.781929,529.854919,2.734952
116.901215,0.052169,121.087738,703.731812,2.747761
116.901215,0.224756,121.087738,703.731812,2.747761
47.086258,0.050186,47.526009,357.299530,2.338963
111.337982,0.238413,19.737005,345.853638,2.732017
111.337982,0.237908,19.737005,345.853638,2.732017
47.086258,0.049399,47.526009,357.299530,2.338963
111.337982,0.237399,19.737005,345.853638,2.732017
47.086258,0.077787,47.526009,357.299530,2.338963
111.337982,0.236888,19.737005,345.853638,2.732017
47.086258,0.076663,35.464279,357.299530,2.338963
107.604340,0.234691,19.737005,345.853638,2.693948
45.842651,0.074546,35.464279,272.776367,2.283768
45.842651,0.073436,35.464279,272.776367,2.283768
107.604340,0.234178,19.737005,345.853638,2.693948
46.223560,0.072622,46.884594,332.516266,2.300706
107.604340,0.233663,24.001404,287.806671,2.693948
46.223560,0.071506,46.884594,332.516266,2.300706
107.604340,0.233145,24.001404,287.806671,2.693948
46.223560,0.070390,46.884594,332.516266,2.300706
107.604340,0.232624,24.001404,287.806671,2.693948
46.223560,0.052911,46.884594,332.516266,2.300706
107.604340,0.232101,23.626720,270.598053,2.693948
107.604340,0.235712,23.626720,270.598053,2.693948
46.223560,0.051847,46.884594,332.516266,2.300706
103.181122,0.232996,23.626720,270.598053,2.634598
103.181122,0.232502,23.626720,270.598053,2.634598
40.195114,0.047375,18.292826,222.511108,2.146435
103.181122,0.232005,29.648506,229.762695,2.634598
103.181122,0.231506,29.648506,229.762695,2.634598
37.828796,0.044998,40.708534,303.867523,2.094493
103.181122,0.231005,29.648506,229.762695,2.634598
100.694138,0.229151,50.909927,234.382172,2.603594
37.828796,0.044034,40.708534,303.867523,2.094493
100.694138,0.231681,50.909927,234.382172,2.603594
100.694138,0.231155,50.909927,234.382172,2.603594
37.828796,0.043069,40.708534,303.867523,2.094493
100.694138,0.230625,50.909927,234.382172,2.603594
37.828796,0.049930,40.708534,303.867523,2.094493
100.694138,0.230094,50.909927,234.382172,2.603594
100.238251,0.229303,74.650513,202.829041,2.598168
37.327694,0.048491,45.642403,356.650177,2.081653
100.238251,0.228766,74.650513,202.829041,2.598168
100.238251,0.191137,74.385292,202.614380,2.598168
37.327694,0.047384,45.642403,356.650177,2.081653
100.238251,0.190597,74.385292,202.614380,2.598168
37.327694,0.046276,45.642403,356.650177,2.081653
100.238251,0.190056,74.385292,202.614380,2.598168
37.327694,0.045167,21.243504,252.966034,2.081653
97.935631,0.188397,74.385292,202.614380,2.573581
97.935631,0.187854,98.857185,177.859375,2.573581
37.677513,0.038904,36.965866,315.448120,2.093264
97.935631,0.187310,98.857185,177.859375,2.573581
37.677513,0.038018,36.965866,315.448120,2.093264
97.935631,0.139982,98.857185,177.859375,2.573581
37.677513,0.037132,36.965866,315.448120,2.093264
97.935631,0.139463,98.857185,177.859375,2.573581
37.677513,0.000000,36.965866,315.448120,2.093264
97.935631,0.138943,98.857185,177.859375,2.573581
97.558746,0.138283,117.615562,154.060532,2.569940
37.733376,0.000000,41.313324,380.032104,2.095984
97.558746,0.137760,117.615562,154.060532,2.569940
97.558746,0.137236,117.615562,154.060532,2.569940
37.733376,0.000000,41.313324,380.032104,2.095984
97.558746,0.136711,117.615562,154.060532,2.569940
28.566113,0.008839,19.078323,83.269905,1.954392
24.661448,0.009117,19.078323,83.269905,1.932394
28.566113,0.000000,19.078323,83.269905,1.954392
24.661448,0.010021,19.078323,83.269905,1.932394
24.661448,0.010924,19.078323,83.269905,1.932394
24.661448,0.011828,30.313620,95.181274,1.932394
28.566113,0.000000,19.078323,83.269905,1.954392
24.661448,0.020464,30.313620,95.181274,1.932394
97.558746,0.136184,117.615562,154.060532,2.569940
37.733376,0.000000,41.313324,380.032104,2.095984
28.566113,0.000000,19.078323,83.269905,1.954392
24.661448,0.021640,30.313620,95.181274,1.932394
28.566113,0.000000,26.990732,72.820374,1.954392
28.566113,0.000000,26.990732,72.820374,1.954392
97.187866,0.200483,119.221695,127.617554,2.566466
24.661448,0.022815,40.157024,83.263733,1.932394
24.661448,0.023991,40.157024,83.263733,1.932394
37.468903,0.000000,42.069714,428.855530,2.088531
97.187866,0.199898,119.221695,127.617554,2.566466
27.352709,0.026503,40.157024,83.263733,1.949749
97.187866,0.199311,119.221695,127.617554,2.566466
27.352709,0.027740,57.108158,87.719299,1.949749
37.468903,0.000000,42.069714,428.855530,2.088531
27.352709,0.026483,57.108158,87.719299,1.949749
97.187866,0.198721,119.221695,127.617554,2.566466
27.352709,0.027374,57.108158,87.719299,1.949749
97.187866,0.198129,119.221695,127.617554,2.566466
37.468903,0.000000,42.069714,428.855530,2.088531
27.352709,0.028264,57.108158,87.719299,1.949749
97.187866,0.197535,119.221695,127.617554,2.566466
27.352709,0.029154,57.108158,87.719299,1.949749
37.434254,0.000000,42.069714,464.485748,2.087791
27.352709,0.032684,50.375500,79.208237,1.949749
96.822449,0.196742,95.501816,103.519196,2.563155
96.822449,0.196144,95.501816,103.519196,2.563155
33.719494,0.037479,50.375500,79.208237,1.975690
37.434254,0.000000,42.069714,464.485748,2.087791
96.822449,0.173266,95.501816,103.519196,2.563155
33.719494,0.038668,50.375500,79.208237,1.975690
33.719494,0.039915,65.623459,96.835144,1.975690
96.822449,0.172640,95.501816,103.519196,2.563155
37.434254,0.000000,42.069714,464.485748,2.087791
33.719494,0.041109,65.623459,96.835144,1.975690
96.822449,0.172012,95.501816,103.519196,2.563155
37.434254,0.000000,42.069714,464.485748,2.087791
38.968330,0.045474,59.789196,82.691307,2.130747
96.462097,0.171213,76.811859,86.142990,2.560002
38.968330,0.040501,59.789196,82.691307,2.130747
96.462097,0.170581,76.811859,86.142990,2.560002
37.726059,0.000000,42.069714,464.485748,2.097094
38.968330,0.041488,59.789196,82.691307,2.130747
96.462097,0.169948,76.811859,86.142990,2.560002
38.968330,0.042474,59.789196,82.691307,2.130747
37.726059,0.000000,42.069714,464.485748,2.097094
94.422997,0.179189,76.811859,86.142990,2.544152
38.968330,0.043460,59.789196,82.691307,2.130747
94.422997,0.178754,76.811859,86.142990,2.544152
38.968330,0.044445,59.789196,82.691307,2.130747
94.422997,0.178317,76.811859,86.142990,2.544152
37.726059,0.000000,42.069714,464.485748,2.097094
94.422997,0.177879,35.476383,71.769661,2.544152
38.968330,0.056113,42.683147,72.135880,2.130747
94.422997,0.145163,35.476383,71.769661,2.544152
38.269844,0.000000,42.069714,464.485748,2.112986
38.968330,0.057564,42.683147,72.135880,2.130747
94.422997,0.144621,35.476383,71.769661,2.544152
48.237778,0.065614,42.683147,72.135880,2.385303
38.269844,0.000000,42.069714,464.485748,2.112986
94.422997,0.144078,35.476383,71.769661,2.544152
48.237778,0.067226,42.683147,72.135880,2.385303
94.422997,0.143534,51.132431,80.034225,2.544152
42.088425,0.000000,42.069714,464.485748,2.174879
48.237778,0.068837,39.797165,71.080933,2.385303
94.422997,0.142988,51.132431,80.034225,2.544152
38.987995,0.061451,11.400061,62.140778,2.127845
42.258270,0.000000,42.069714,464.485748,2.177295
92.832481,0.141762,20.059389,69.142853,2.532804
38.987995,0.062869,11.400061,62.140778,2.127845
92.832481,0.161054,20.059389,69.142853,2.532804
42.258270,0.000000,42.069714,464.485748,2.177295
38.987995,0.064287,11.400061,62.140778,2.127845
92.832481,0.160566,20.059389,69.142853,2.532804
92.832481,0.160077,20.059389,69.142853,2.532804
38.987995,0.065704,11.400061,62.140778,2.127845
42.258270,0.000000,49.248489,464.485748,2.177295
92.832481,0.159587,20.059389,69.142853,2.532804
38.987995,0.067120,11.400061,62.140778,2.127845
92.832481,0.194369,20.059389,69.142853,2.532804
42.258270,0.000000,49.248489,464.485748,2.177295
38.987995,0.068536,14.270388,65.845901,2.127845
91.807701,0.193209,2.295225,60.695320,2.524301
91.807701,0.192668,2.295225,60.695320,2.524301
38.987995,0.064869,14.270388,65.845901,2.127845
42.646622,0.000000,49.248489,464.485748,2.183400
91.807701,0.192125,2.295225,60.695320,2.524301
19.626003,0.046894,14.270388,65.845901,1.907806
91.807701,0.191580,2.295225,60.695320,2.524301
42.646622,0.000000,49.248489,464.485748,2.183400
90.826309,0.190432,4.030227,61.866779,2.513292
19.626003,0.047759,14.270388,65.845901,1.907806
90.826309,0.189885,4.030227,61.866779,2.513292
19.626003,0.048623,14.270388,65.845901,1.907806
90.826309,0.189336,4.030227,61.866779,2.513292
42.646622,0.000000,49.248489,464.485748,2.183400
90.826309,0.188785,4.030227,61.866779,2.513292
19.626003,0.049487,10.698856,62.653313,1.907806
90.647537,0.192859,4.722970,67.532066,2.510803
15.944664,0.041175,25.274090,73.910988,1.891495
42.646622,0.000000,49.248489,504.623230,2.183400
90.647537,0.192256,4.722970,67.532066,2.510803
15.944664,0.041799,25.274090,73.910988,1.891495
90.647537,0.191651,4.722970,67.532066,2.510803
15.944664,0.042422,25.274090,73.910988,1.891495
89.617233,0.190389,5.129677,65.036400,2.491802
45.378906,0.000000,49.248489,504.623230,2.264324
15.944664,0.043046,25.274090,73.910988,1.891495
89.617233,0.189782,5.129677,65.036400,2.491802
15.944664,0.041677,25.274090,73.910988,1.891495
89.617233,0.189172,5.129677,65.036400,2.491802
45.378906,0.000000,49.248489,504.623230,2.264324
15.944664,0.042254,25.274090,73.910988,1.891495
89.617233,0.173435,5.129677,65.036400,2.491802
89.617233,0.172922,5.129677,65.036400,2.491802
15.999528,0.042906,27.843258,89.412231,1.892032
89.107559,0.172109,11.678569,75.300873,2.481052
89.107559,0.171594,11.678569,75.300873,2.481052
45.807686,0.000000,49.248489,504.623230,2.282482
15.999528,0.043484,27.843258,89.412231,1.892032
86.502419,0.169496,4.344275,66.372452,2.387373
86.502419,0.168983,4.344275,66.372452,2.387373
15.999528,0.048871,27.843258,89.412231,1.892032
86.502419,0.181210,4.344275,66.372452,2.387373
86.502419,0.180635,4.344275,66.372452,2.387373
15.999528,0.049568,27.843258,89.412231,1.892032
45.807686,0.000000,49.248489,504.623230,2.282482
86.502419,0.180060,4.344275,66.372452,2.387373
18.261768,0.053700,4.944471,83.008499,1.904130
86.502419,0.179482,4.344275,66.372452,2.387373
18.261768,0.054444,4.944471,83.008499,1.904130
45.807686,0.000000,49.248489,504.623230,2.282482
86.502419,0.178902,4.344275,66.372452,2.387373
82.068634,0.175220,5.346359,65.520660,2.226839
18.261768,0.058500,4.944471,83.008499,1.904130
82.068634,0.174647,10.733624,76.668121,2.226839
46.273148,0.000000,49.248489,504.623230,2.302823
18.261768,0.059384,4.759077,94.989555,1.904130
82.068634,0.174073,10.733624,76.668121,2.226839
82.068634,0.180549,10.733624,76.668121,2.226839
18.261768,0.060267,4.759077,94.989555,1.904130
44.336395,0.000000,17.059483,169.880325,2.225193
82.068634,0.179924,10.733624,76.668121,2.226839
46.273148,0.000000,49.248489,504.623230,2.302823
44.336395,0.000000,17.059483,169.880325,2.225193
37.502304,0.087625,4.759077,94.989555,2.088741
82.068634,0.179297,10.733624,76.668121,2.226839
44.336395,0.000000,17.059483,169.880325,2.225193
82.068634,0.178668,10.733624,76.668121,2.226839
37.502304,0.079001,4.759077,94.989555,2.088741
44.336395,0.000000,17.059483,169.880325,2.225193
46.273148,0.000000,49.248489,504.623230,2.302823
73.058311,0.170465,29.836740,103.107407,2.406353
44.336395,0.000000,17.059483,169.880325,2.225193
37.502304,0.080004,4.759077,94.989555,2.088741
73.058311,0.169859,29.836740,103.107407,2.406353
44.336395,0.000000,14.941443,182.819321,2.225193
77.698372,0.173325,25.242680,122.808350,2.283726
37.502304,0.081005,9.645516,108.879074,2.088741
46.273148,0.000000,49.248489,504.623230,2.302823
77.698372,0.165370,25.242680,122.808350,2.283726
77.698372,0.164771,25.242680,122.808350,2.283726
44.336395,0.000000,14.941443,182.819321,2.225193
37.502304,0.092962,9.645516,108.879074,2.088741
77.698372,0.164170,25.242680,122.808350,2.283726
73.570259,0.160167,28.391861,133.492935,2.397248
46.273148,0.000000,49.248489,504.623230,2.302823
44.336395,0.000000,16.306360,183.300339,2.225193
73.570259,0.159576,28.391861,133.492935,2.397248
37.502304,0.094296,9.645516,108.879074,2.088741
73.570259,0.158983,28.391861,133.492935,2.397248
73.570259,0.158388,28.391861,133.492935,2.397248
44.336395,0.000000,16.306360,183.300339,2.225193
37.502304,0.095629,9.645516,108.879074,2.088741
46.273148,0.000000,49.248489,504.623230,2.302823
73.570259,0.157792,28.391861,133.492935,2.397248
73.570259,0.157194,28.391861,133.492935,2.397248
44.336395,0.000000,16.306360,183.300339,2.225193
73.570259,0.156594,25.649700,153.141083,2.397248
37.502304,0.096961,9.645516,108.879074,2.088741
69.925133,0.152799,25.649700,153.141083,2.448599
44.336395,0.000000,14.277262,195.587128,2.225193
48.631966,0.000000,49.248489,504.623230,2.402147
69.925133,0.143722,23.467436,168.211945,2.448599
51.878719,0.115439,16.421320,133.166702,2.478682
69.925133,0.143168,23.467436,168.211945,2.448599
66.277542,0.000000,14.277262,195.587128,2.491216
69.925133,0.142611,23.467436,168.211945,2.448599
69.925133,0.142053,23.467436,168.211945,2.448599
69.925133,0.141494,23.248943,166.095978,2.448599
51.878719,0.117000,16.421320,133.166702,2.478682
66.277542,0.000000,14.277262,195.587128,2.491216
48.631966,0.000000,49.248489,504.623230,2.402147
69.925133,0.140934,23.248943,166.095978,2.448599
69.925133,0.140372,23.248943,166.095978,2.448599
66.277542,0.000000,14.277262,195.587128,2.491216
66.339890,0.136703,23.248943,166.095978,2.490565
51.878719,0.118560,11.010768,136.778503,2.478682
66.339890,0.093366,23.248943,166.095978,2.490565
66.277542,0.000000,15.039333,197.005630,2.491216
66.339890,0.149978,23.248943,166.095978,2.490565
48.631966,0.007304,49.248489,504.623230,2.402147
51.878719,0.120119,11.010768,136.778503,2.478682
63.719048,0.146703,11.010768,136.778503,2.499035
80.120132,0.000000,15.039333,197.005630,2.225412
63.719048,0.146077,11.010768,136.778503,2.499035
63.719048,0.090972,11.010768,136.778503,2.499035
80.120132,0.000000,15.039333,197.005630,2.225412
63.719048,0.145449,11.010768,136.778503,2.499035
48.970181,0.007352,49.248489,504.623230,2.413755
63.719048,0.144819,13.487081,165.421387,2.499035
63.719048,0.091748,13.487081,165.421387,2.499035
80.120132,0.000000,12.609013,210.525604,2.225412
63.719048,0.086821,13.487081,165.421387,2.499035
63.719048,0.143243,13.487081,165.421387,2.499035
80.120132,0.000000,12.609013,210.525604,2.225412
60.897377,0.139662,21.750517,170.578766,2.472690
60.897377,0.138997,21.750517,170.578766,2.472690
80.120132,0.000000,12.609013,210.525604,2.225412
48.970181,0.007376,49.248489,504.623230,2.413755
60.897377,0.125056,21.750517,170.578766,2.472690
60.897377,0.124564,21.750517,170.578766,2.472690
80.120132,0.000000,12.609013,210.525604,2.225412
60.897377,0.124071,21.750517,170.578766,2.472690
80.120132,0.000000,12.612929,207.015106,2.225412
60.897377,0.123577,21.750517,170.578766,2.472690
48.970181,0.007400,49.248489,504.623230,2.413755
60.897377,0.082030,21.750517,170.578766,2.472690
81.854790,0.000000,12.612929,207.015106,2.223349
58.109356,0.080045,23.964571,171.095551,2.464399
58.109356,0.120676,23.964571,171.095551,2.464399
58.109356,0.120096,23.964571,171.095551,2.464399
81.854790,0.000000,12.612929,207.015106,2.223349
58.109356,0.119514,23.964571,171.095551,2.464399
48.970181,0.007423,49.248489,504.623230,2.413755
57.414196,0.118258,19.889004,197.904022,2.465363
57.414196,0.117677,19.889004,197.904022,2.465363
81.854790,0.000000,13.018581,224.337097,2.223349
54.565269,0.114288,27.029676,206.646408,2.489673
54.565269,0.168556,27.029676,206.646408,2.489673
81.854790,0.000000,13.018581,224.337097,2.223349
49.303032,0.007472,62.403130,504.623230,2.425060
54.565269,0.167221,27.029676,206.646408,2.489673
81.854790,0.000000,13.018581,224.337097,2.223349
54.565269,0.165884,27.029676,206.646408,2.489673
81.854790,0.000000,13.018581,224.337097,2.223349
54.565269,0.164545,27.029676,206.646408,2.489673
49.303032,0.007495,62.403130,504.623230,2.425060
81.854790,0.000000,13.578389,222.964630,2.223349
54.565269,0.163204,27.029676,206.646408,2.489673
51.716454,0.157714,301.089386,248.859222,2.479352
81.854790,0.000000,13.578389,222.964630,2.223349
51.716454,0.156404,301.089386,248.859222,2.479352
81.854790,0.000000,13.578389,222.964630,2.223349
49.303032,0.007519,62.403130,504.623230,2.425060
51.716454,0.155092,301.089386,248.859222,2.479352
81.854790,0.000000,13.315097,239.712006,2.223349
51.080566,0.152853,292.751099,279.565094,2.469581
81.854790,0.000000,13.315097,239.712006,2.223349
51.080566,0.085801,292.751099,279.565094,2.469581
81.854790,0.000000,13.315097,239.712006,2.223349
49.303032,0.007542,62.403130,504.623230,2.425060
81.854790,0.000000,13.315097,239.712006,2.223349
51.080566,0.149116,292.751099,279.565094,2.469581
81.854790,0.000000,13.139837,234.222244,2.223349
81.854790,0.000000,13.139837,234.222244,2.223349
51.080566,0.147819,292.751099,279.565094,2.469581
81.854790,0.000000,13.139837,234.222244,2.223349
51.910446,0.147676,17.640476,288.817169,2.482093
81.854790,0.000000,13.139837,234.222244,2.223349
49.303032,0.007565,62.403130,490.151001,2.425060
81.854790,0.000000,13.139837,234.222244,2.223349
51.910446,0.146365,17.640476,288.817169,2.482093
81.854790,0.000000,13.139837,234.222244,2.223349
51.910446,0.145053,17.640476,288.817169,2.482093
81.854790,0.000000,13.139837,234.222244,2.223349
49.303032,0.007588,62.403130,490.151001,2.425060
51.910446,0.143740,17.640476,288.817169,2.482093
52.767578,0.143562,9.034406,324.973938,2.489731
81.854790,0.000000,11.983042,240.586487,2.223349
52.767578,0.142235,9.034406,324.973938,2.489731
81.854790,0.000000,11.983042,240.586487,2.223349
51.822182,0.007799,62.403130,490.151001,2.479918
55.702961,0.144626,8.067888,325.494934,2.481161
81.854790,0.000000,11.983042,240.586487,2.223349
55.702961,0.143261,8.067888,325.494934,2.481161
55.702961,0.141893,8.067888,325.494934,2.481161
51.822182,0.007823,62.403130,490.151001,2.479918
59.058727,0.000000,11.983042,240.586487,2.459947
55.702961,0.140525,8.067888,325.494934,2.481161
59.058727,0.000000,11.983042,240.586487,2.459947
55.702961,0.149266,8.067888,325.494934,2.481161
55.702961,0.147771,8.067888,325.494934,2.481161
51.822182,0.007846,62.403130,490.151001,2.479918
59.058727,0.000000,11.983042,240.586487,2.459947
58.437817,0.149633,8.140428,324.776031,2.460207
58.437817,0.148100,8.140428,324.776031,2.460207
59.492973,0.147796,11.083997,369.580505,2.461351
59.058727,0.000000,8.990108,258.005920,2.459947
59.492973,0.146247,11.083997,369.580505,2.461351
59.058727,0.000000,11.519222,261.827148,2.459947
51.685959,0.023193,62.403130,490.151001,2.479215
59.492973,0.144695,11.083997,369.580505,2.461351
62.355324,0.146270,10.116151,362.111786,2.488895
59.058727,0.000000,11.519222,261.827148,2.459947
62.355324,0.144682,10.116151,362.111786,2.488895
59.058727,0.000000,11.519222,261.827148,2.459947
62.355324,0.143091,10.116151,362.111786,2.488895
59.058727,0.000000,11.519222,261.827148,2.459947
62.355324,0.141499,10.116151,362.111786,2.488895
51.685959,0.023216,62.403130,490.151001,2.479215
62.355324,0.139905,10.116151,362.111786,2.488895
59.058727,0.000000,11.519222,261.827148,2.459947
63.587257,0.139538,9.237205,350.355774,2.498453
59.058727,0.000000,11.519222,261.827148,2.459947
63.587257,0.137926,9.237205,350.355774,2.498453
59.058727,0.000000,9.224562,224.991486,2.459947
63.587257,0.136313,9.237205,350.355774,2.498453
59.058727,0.000000,9.224562,224.991486,2.459947
59.058727,0.000000,9.224562,224.991486,2.459947
51.685959,0.023238,46.284706,501.766296,2.479215
63.587257,0.128376,9.237205,350.355774,2.498453
59.058727,0.000000,9.224562,224.991486,2.459947
59.058727,0.000000,9.224562,224.991486,2.459947
63.587257,0.126911,9.237205,350.355774,2.498453
59.058727,0.000000,9.224562,224.991486,2.459947
63.587257,0.125445,9.237205,350.355774,2.498453
66.109230,0.126133,12.691973,386.976929,2.492647
52.048004,0.023340,46.284706,501.766296,2.483677
66.109230,0.124638,12.691973,386.976929,2.492647
69.834831,0.126064,12.691973,386.976929,2.449704
69.834831,0.124531,12.691973,386.976929,2.449704
69.834831,0.122997,12.691973,386.976929,2.449704
52.048004,0.023362,46.284706,501.766296,2.483677
72.896515,0.126044,11.528008,372.154602,2.410213
72.896515,0.124412,11.528008,372.154602,2.410213
72.896515,0.122778,11.528008,372.154602,2.410213
72.896515,0.121143,11.528008,372.154602,2.410213
52.048004,0.023384,46.284706,501.766296,2.483677
72.896515,0.119507,11.528008,372.154602,2.410213
72.896515,0.117869,17.636700,425.560547,2.410213
83.149292,0.122047,17.653975,412.809906,2.249223
52.369179,0.023476,46.284706,501.766296,2.486829
83.149292,0.120325,17.653975,412.809906,2.249223
83.149292,0.118601,17.653975,412.809906,2.249223
83.149292,0.116876,17.653975,412.809906,2.249223
52.369179,0.023497,46.284706,501.766296,2.486829
